          31   3.0999999921732524E-005  0.89999468484152279     
          32   3.1999999919207767E-005  0.89933889372809661     
          33   3.2999999916683009E-005  0.89869644552791983     
          34   3.3999999914158252E-005  0.89806876329612695     
          35   3.4999999911633495E-005  0.89745392097693921     
          36   3.5999999909108737E-005  0.89684934780847436     
          37   3.6999999906583980E-005  0.89625632867457228     
          38   3.7999999904059223E-005  0.89567433755837267     
          39   3.8999999901534466E-005  0.89510366235511873     
          40   3.9999999899009708E-005  0.89454210407545931     
          41   4.0999999896484951E-005  0.89399022318548249     
          42   4.1999999893960194E-005  0.89344727476514307     
          43   4.2999999891435436E-005  0.89291352833433735     
          44   4.3999999888910679E-005  0.89238726170586657     
          45   4.4999999886385922E-005  0.89186819992135635     
          46   4.5999999883861165E-005  0.89135649538037065     
          47   4.6999999881336407E-005  0.89085372362730997     
          48   4.7999999878811650E-005  0.89035842275433663     
          49   4.8999999876286893E-005  0.88986979452394477     
          50   4.9999999873762135E-005  0.88938721717193980     
          51   5.0999999871237378E-005  0.88891033002943598     
          52   5.1999999868712621E-005  0.88843841871750495     
          53   5.2999999866187864E-005  0.88797322589001293     
          54   5.3999999863663106E-005  0.88751406896593144     
          55   5.4999999861138349E-005  0.88706101066666854     
          56   5.5999999858613592E-005  0.88661233693774655     
          57   5.6999999856088834E-005  0.88616941158111817     
          58   5.7999999853564077E-005  0.88573006144543420     
          60   5.9999999848514562E-005  0.88485979197127806     
          61   6.0999999845989805E-005  0.88443288002358367     
          62   6.1999999843465048E-005  0.88401019175786377     
          64   6.3999999838415533E-005  0.88317924404713566     
          65   6.4999999835890776E-005  0.88277062287248897     
          67   6.6999999830841261E-005  0.88196856968250104     
          68   6.7999999828316504E-005  0.88157349028329646     
          70   6.9999999823266990E-005  0.88079548229249949     
          72   7.1999999818217475E-005  0.88003325928621634     
          73   7.2999999815692718E-005  0.87965597374090687     
          75   7.4999999810643203E-005  0.87891417040838615     
          77   7.6999999805593689E-005  0.87818327155291420     
          78   7.7999999803068931E-005  0.87782308129207365     
          80   7.9999999798019417E-005  0.87711084547225759     
          82   8.1999999792969902E-005  0.87641318864903195     
          84   8.3999999787920387E-005  0.87572869144132481     
          86   8.5999999782870873E-005  0.87505774751045928     
          88   8.7999999777821358E-005  0.87439706584892740     
          90   8.9999999772771844E-005  0.87374574985961095     
          92   9.1999999767722329E-005  0.87310476269580573     
          94   9.3999999762672815E-005  0.87247360544675678     
          96   9.5999999757623300E-005  0.87185299142966521     
          99   9.8999999750049028E-005  0.87094012805436005     
         101   1.0099999974499951E-004  0.87034094705275067     
         104   1.0399999973742524E-004  0.86945715073624819     
         106   1.0599999973237573E-004  0.86887767147996353     
         109   1.0899999972480146E-004  0.86802621320206985     
         111   1.1099999971975194E-004  0.86746735614531489     
         114   1.1399999971217767E-004  0.86664304948131854     
         116   1.1599999970712815E-004  0.86610158380789193     
         119   1.1899999969955388E-004  0.86530426957564543     
         122   1.2199999969197961E-004  0.86452112744849852     
         125   1.2499999968440534E-004  0.86375279522032400     
         128   1.2799999967683107E-004  0.86299791924304003     
         131   1.3099999966925679E-004  0.86225514704568895     
         134   1.3399999966168252E-004  0.86152182261682797     
         137   1.3699999965410825E-004  0.86080028814831266     
         140   1.3999999964653398E-004  0.86008947957879212     
         143   1.4299999963895971E-004  0.85938703854424048     
         146   1.4599999963138544E-004  0.85870095541491109     
         150   1.4999999962128641E-004  0.85780083889105641     
         153   1.5299999961371213E-004  0.85713541807152205     
         157   1.5699999960361311E-004  0.85626280146984524     
         161   1.6099999959351408E-004  0.85540455587215480     
         164   1.6399999958593980E-004  0.85477292268496585     
         168   1.6799999957584077E-004  0.85394499942173441     
         172   1.7199999956574175E-004  0.85313281081058856     
         176   1.7599999955564272E-004  0.85233388588163261     
         180   1.7999999954554369E-004  0.85155253404666020     
         184   1.8399999953544466E-004  0.85077913922591530     
         189   1.8899999952282087E-004  0.84982009456097429     
         193   1.9299999951272184E-004  0.84905992726457002     
         197   1.9699999950262281E-004  0.84830762656448344     
         202   2.0199999948999903E-004  0.84738172212394913     
         207   2.0699999947737524E-004  0.84647622405759215     
         212   2.1199999946475145E-004  0.84558797369869565     
         216   2.1599999945465242E-004  0.84488936142125060     
         221   2.2099999944202864E-004  0.84403040945566254     
         227   2.2699999942688009E-004  0.84302166293159109     
         232   2.3199999941425631E-004  0.84219655912642577     
         237   2.3699999940163252E-004  0.84138480610619615     
         243   2.4299999938648398E-004  0.84043284200817225     
         248   2.4799999937386019E-004  0.83965039427458488     
         254   2.5399999935871165E-004  0.83872214940595458     
         260   2.5999999934356310E-004  0.83780713791250705     
         266   2.6599999932841456E-004  0.83690780386895836     
         272   2.7199999931326602E-004  0.83602425114527035     
         279   2.7899999929559272E-004  0.83501059114967791     
         285   2.8499999928044417E-004  0.83414833041957326     
         292   2.9199999926277087E-004  0.83317597051170322     
         299   2.9899999924509757E-004  0.83223226632550973     
         306   3.0599999922742427E-004  0.83130190671390969     
         313   3.1299999920975097E-004  0.83039183153629181     
         320   3.1999999919207767E-004  0.82949608300079225     
         327   3.2699999917440437E-004  0.82860908140478651     
         335   3.3499999915420631E-004  0.82761782396393568     
         343   3.4299999913400825E-004  0.82664375585208738     
         351   3.5099999911381019E-004  0.82568590697939770     
         359   3.5899999909361213E-004  0.82474380160844141     
         367   3.6699999907341407E-004  0.82381622916425834     
         376   3.7599999905069126E-004  0.82280399729358211     
         384   3.8399999903049320E-004  0.82191721133862683     
         393   3.9299999900777038E-004  0.82093621578198261     
         403   4.0299999898252281E-004  0.81986970152819383     
         412   4.1199999895980000E-004  0.81893080043103061     
         422   4.2199999893455242E-004  0.81790524006471665     
         431   4.3099999891182961E-004  0.81699799353350699     
         441   4.4099999888658203E-004  0.81601285094847353     
         452   4.5199999885880970E-004  0.81495018856612045     
         462   4.6199999883356213E-004  0.81400764365651890     
         473   4.7299999880578980E-004  0.81298920285824217     
         484   4.8399999877801747E-004  0.81199444844472579     
         495   4.9499999875024514E-004  0.81101270034877304     
         507   5.0699999871994805E-004  0.80996716949493464     
         518   5.1799999869217572E-004  0.80902554767968793     
         531   5.3099999865935388E-004  0.80793133271921436     
         543   5.4299999862905679E-004  0.80694043815975214     
         556   5.5599999859623495E-004  0.80587493886879458     
         568   5.6799999856593786E-004  0.80490605507092405     
         582   5.8199999853059126E-004  0.80380005729099924     
         595   5.9499999849776941E-004  0.80279608342545672     
         609   6.0899999846242281E-004  0.80173233951928768     
         623   6.2299999842707621E-004  0.80067970316772852     
         638   6.3799999838920485E-004  0.79956852295573810     
         653   6.5299999835133349E-004  0.79847862815962189     
         668   6.6799999831346213E-004  0.79740100938466596     
         683   6.8299999827559077E-004  0.79633627261908357     
         699   6.9899999823519465E-004  0.79522013040798256     
         716   7.1599999819227378E-004  0.79407372094408990     
         732   7.3199999815187766E-004  0.79300628969928244     
         749   7.4899999810895679E-004  0.79188572634181165     
         767   7.6699999806351116E-004  0.79072878184954853     
         785   7.8499999801806553E-004  0.78959377696494748     
         803   8.0299999797261989E-004  0.78846871540590147     
         821   8.2099999792717426E-004  0.78736405011101562     
         841   8.4099999787667912E-004  0.78615721671388283     
         860   8.5999999782870873E-004  0.78501473896790297     
         880   8.7999999777821358E-004  0.78382716010623876     
         901   9.0099999772519368E-004  0.78257364238298888     
         922   9.2199999767217378E-004  0.78134464736318698     
         943   9.4299999761915387E-004  0.78014440707813859     
         965   9.6499999756360921E-004  0.77890618737585604     
         988   9.8799999750553980E-004  0.77762643767405670     
        1001   1.0009999974727180E-003  0.77691766815410002     
        1025   1.0249999974121238E-003  0.77563446076688747     
        1049   1.0489999973515296E-003  0.77436984904672812     
        1073   1.0729999972909354E-003  0.77314152733114372     
        1098   1.0979999972278165E-003  0.77186965177602651     
        1124   1.1239999971621728E-003  0.77056525400579901     
        1150   1.1499999970965291E-003  0.76928036040184922     
        1177   1.1769999970283607E-003  0.76796658513162197     
        1204   1.2039999969601922E-003  0.76667652204810322     
        1232   1.2319999968894990E-003  0.76534729276750402     
        1261   1.2609999968162811E-003  0.76398468227941496     
        1290   1.2899999967430631E-003  0.76266731965626189     
        1320   1.3199999966673204E-003  0.76134673477830450     
        1351   1.3509999965890529E-003  0.76000199376806610     
        1382   1.3819999965107854E-003  0.75868824078502828     
        1414   1.4139999964299932E-003  0.75736502610124212     
        1447   1.4469999963466762E-003  0.75602409269683313     
        1481   1.4809999962608345E-003  0.75465996149606795     
        1516   1.5159999961724679E-003  0.75328480463485448     
        1551   1.5509999960841014E-003  0.75194013705727258     
        1587   1.5869999959932102E-003  0.75058650564166995     
        1624   1.6239999958997942E-003  0.74922907851012033     
        1662   1.6619999958038534E-003  0.74784793156928686     
        1700   1.6999999957079126E-003  0.74647722296953500     
        1740   1.7399999956069223E-003  0.74507191332971889     
        1781   1.7809999955034073E-003  0.74366848132138674     
        1822   1.8219999953998922E-003  0.74230054226335473     
        1864   1.8639999952938524E-003  0.74092844576338734     
        1908   1.9079999951827631E-003  0.73951921662241193     
        1952   1.9519999950716738E-003  0.73814021252226003     
        1998   1.9979999949555349E-003  0.73672856622039296     
        2044   2.0439999948393961E-003  0.73533645836104877     
        2092   2.0919999947182077E-003  0.73390437172226564     
        2141   2.1409999945944946E-003  0.73248958704330258     
        2190   2.1899999944707815E-003  0.73110127234074318     
        2241   2.2409999943420189E-003  0.72968358644792808     
        2294   2.2939999942082068E-003  0.72824408365242055     
        2347   2.3469999940743946E-003  0.72683734871734218     
        2402   2.4019999939355330E-003  0.72541032549536333     
        2458   2.4579999937941466E-003  0.72397067694009276     
        2515   2.5149999936502354E-003  0.72249735490339695     
        2573   2.5729999935037995E-003  0.72101394400288543     
        2633   2.6329999933523140E-003  0.71952650783426553     
        2695   2.6949999931957791E-003  0.71801453899662171     
        2757   2.7569999930392441E-003  0.71653259540222214     
        2822   2.8219999928751349E-003  0.71499129510783499     
        2887   2.8869999927110257E-003  0.71344408039030160     
        2955   2.9549999925393422E-003  0.71184839184757831     
        3023   3.0229999923676587E-003  0.71017009201255388     
        3094   3.0939999921884009E-003  0.70852713344826013     
        3166   3.1659999920066184E-003  0.70692247982992906     
        3240   3.2399999918197864E-003  0.70524985875127011     
        3315   3.3149999916304296E-003  0.70359819638879439     
        3392   3.3919999914360233E-003  0.70196965443790504     
        3471   3.4709999912365674E-003  0.70033048236603945     
        3552   3.5519999910320621E-003  0.69867616090938200     
        3635   3.6349999908225072E-003  0.69700055164214259     
        3720   3.7199999906079029E-003  0.69533346604118818     
        3806   3.8059999903907737E-003  0.69367466247909482     
        3895   3.8949999901660703E-003  0.69195646683629097     
        3986   3.9859999899363174E-003  0.69018924266187420     
        4078   4.0779999897040398E-003  0.68849967414333024     
        4173   4.1729999894641878E-003  0.68680367860382885     
        4271   4.2709999892167616E-003  0.68511834849679931     
        4370   4.3699999889668106E-003  0.68343490749933233     
        4472   4.4719999887092854E-003  0.68170172575859145     
        4576   4.5759999884467106E-003  0.67996993748832435     
        4683   4.6829999881765616E-003  0.67823768492378644     
        4792   4.7919999879013631E-003  0.67651687046469999     
        4903   4.9029999876211150E-003  0.67482698809993602     
        5017   5.0169999873332927E-003  0.67304535065617366     
        5134   5.1339999870378961E-003  0.67127937726710707     
        5254   5.2539999867349252E-003  0.66950268771046062     
        5376   5.3759999864269048E-003  0.66774642306733079     
        5501   5.5009999861113101E-003  0.66596435155745348     
        5630   5.6299999857856164E-003  0.66417504939070582     
        5761   5.7609999854548732E-003  0.66245377971489716     
        5895   5.8949999851165558E-003  0.66075335368670207     
        6032   6.0319999847706640E-003  0.65903890467199466     
        6173   6.1729999844146732E-003  0.65727624080041236     
        6316   6.3159999840536329E-003  0.65552938951014061     
        6463   6.4629999836824936E-003  0.65376057150040279     
        6614   6.6139999833012553E-003  0.65191723404980684     
        6768   6.7679999829124426E-003  0.65009195078200066     
        6926   6.9259999825135310E-003  0.64825997580845063     
        7087   7.0869999821070451E-003  0.64639914925599717     
        7252   7.2519999816904601E-003  0.64450192322216671     
        7421   7.4209999812637761E-003  0.64255912309556096     
        7594   7.5939999808269931E-003  0.64061827048729325     
        7771   7.7709999803801111E-003  0.63867978045419715     
        7952   7.9519999799231300E-003  0.63670906580616071     
        8137   8.1369999794560499E-003  0.63467477520773219     
        8326   8.3259999789788708E-003  0.63269794051660655     
        8520   8.5199999784890679E-003  0.63072759678777945     
        8719   8.7189999779866412E-003  0.62871084678589406     
        8922   8.9219999774741154E-003  0.62677606704596267     
        9130   9.1299999769489659E-003  0.62485478547842432     
        9342   9.3419999764137174E-003  0.62293629770372760     
        9560   9.5599999758633203E-003  0.62099760788398328     
        9783   9.7829999753002994E-003  0.61904918612684134     
       10001   1.0000999974749902E-002  0.61717673405649909     
       10234   1.0233999974161634E-002  0.61519973283356877     
       10473   1.0472999973558217E-002  0.61320970733893698     
       10717   1.0716999972942176E-002  0.61124030502028315     
       10966   1.0965999972313512E-002  0.60928559851836628     
       11222   1.1221999971667174E-002  0.60730086876017253     
       11483   1.1482999971008212E-002  0.60531574301822744     
       11751   1.1750999970331577E-002  0.60327263287658184     
       12024   1.2023999969642318E-002  0.60112381345239874     
       12304   1.2303999968935386E-002  0.59899468114094367     
       12591   1.2590999968210781E-002  0.59695793671402797     
       12884   1.2883999967471027E-002  0.59495861801980865     
       13184   1.3183999966713600E-002  0.59292351090554796     
       13491   1.3490999965938499E-002  0.59084125919628039     
       13806   1.3805999965143201E-002  0.58868966339633211     
       14127   1.4126999964332754E-002  0.58649591422602632     
       14456   1.4455999963502109E-002  0.58436763363497080     
       14793   1.4792999962651265E-002  0.58226574731031056     
       15138   1.5137999961780224E-002  0.58009674137881417     
       15490   1.5489999960891510E-002  0.57807805023395165     
       15851   1.5850999959980072E-002  0.57604463230684155     
       16220   1.6219999959048437E-002  0.57398854206972449     
       16598   1.6597999958094078E-002  0.57190563051595600     
       16985   1.6984999957116997E-002  0.56984421452290823     
       17380   1.7379999956119718E-002  0.56780021215384546     
       17785   1.7784999955097192E-002  0.56564871733786359     
       18199   1.8198999954051942E-002  0.56345610895959453     
       18623   1.8622999952981445E-002  0.56124140849578574     
       19057   1.9056999951885700E-002  0.55893494780956987     
       19501   1.9500999950764708E-002  0.55667623276586242     
       19955   1.9954999949618468E-002  0.55435721753733824     
       20420   2.0419999948444456E-002  0.55208854686923425     
       20896   2.0895999947242672E-002  0.54992374262400145     
       21382   2.1381999946015640E-002  0.54777124598076810     
       21880   2.1879999944758310E-002  0.54552706279934016     
       22390   2.2389999943470684E-002  0.54326967810985793     
       22911   2.2910999942155286E-002  0.54098129925434768     
       23445   2.3444999940807065E-002  0.53881198961326549     
       23991   2.3990999939428548E-002  0.53655732517557320     
       24550   2.4549999938017208E-002  0.53435752769636913     
       25122   2.5121999936573047E-002  0.53208626524712610     
       25707   2.5706999935096064E-002  0.52980226609137060     
       26306   2.6305999933583735E-002  0.52744521034278868     
       26919   2.6918999932036058E-002  0.52501048692098318     
       27546   2.7545999930453036E-002  0.52258565268413337     
       28187   2.8186999928834666E-002  0.52022007552655070     
       28844   2.8843999927175901E-002  0.51783578668079788     
       29516   2.9515999925479264E-002  0.51546765782390602     
       30203   3.0202999923744756E-002  0.51314154672279289     
       30907   3.0906999921967326E-002  0.51071349969017732     
       31626   3.1625999920152026E-002  0.50835846446795452     
       32363   3.2362999918291280E-002  0.50597008030946544     
       33117   3.3116999916387613E-002  0.50363407139181793     
       33888   3.3887999914441025E-002  0.50122112249247319     
       34678   3.4677999912446467E-002  0.49877302287961622     
       35485   3.5484999910408987E-002  0.49615693374400671     
       36312   3.6311999908321013E-002  0.49364275309961470     
       37158   3.7157999906185069E-002  0.49111556795448957     
       38023   3.8022999904001153E-002  0.48863485389231370     
       38909   3.8908999901764219E-002  0.48633255797038150     
       39815   3.9814999899476788E-002  0.48386186853454327     
       40743   4.0742999897133814E-002  0.48141688427489465     
       41692   4.1691999894737819E-002  0.47899604254592604     
       42663   4.2662999892286280E-002  0.47639586433432313     
       43656   4.3655999889779196E-002  0.47373625320682367     
       44673   4.4672999887211517E-002  0.47101210962703199     
       45714   4.5713999884583245E-002  0.46826936860552659     
       46779   4.6778999881894379E-002  0.46546431655937148     
       47868   4.7867999879144918E-002  0.46279017212727452     
       48983   4.8982999876329814E-002  0.46006594918944382     
       50124   5.0123999873449065E-002  0.45749429681626630     
       51292   5.1291999870500149E-002  0.45492472427867203     
       52486   5.2485999867485589E-002  0.45236113433218672     
       53709   5.3708999864397811E-002  0.44959971668727611     
       54960   5.4959999861239339E-002  0.44683745897349364     
       56240   5.6239999858007650E-002  0.44411829734484570     
       57550   5.7549999854700218E-002  0.44141062610475301     
       58891   5.8890999851314518E-002  0.43871332106778144     
       60262   6.0261999847853076E-002  0.43612290301653739     
       61666   6.1665999844308317E-002  0.43341645743271623     
       63103   6.3102999840680241E-002  0.43070811283076144     
       64572   6.4571999836971372E-002  0.42808206146152478     
       66076   6.6075999833174137E-002  0.42550107590867714     
       67616   6.7615999829286011E-002  0.42287519064549578     
       69191   6.9190999825309518E-002  0.42024608913826933     
       70802   7.0801999821242134E-002  0.41769243942453055     
       72451   7.2450999817078809E-002  0.41492294090885345     
       74139   7.4138999812817019E-002  0.41215780713608380     
       75866   7.5865999808456763E-002  0.40944485186924678     
       77633   7.7632999803995517E-002  0.40677202452865824     
       79441   7.9440999799430756E-002  0.40406013217538894     
       81292   8.1291999794757430E-002  0.40144131245269843     
       83185   8.3184999789978065E-002  0.39875874329260891     
       85123   8.5122999785085085E-002  0.39606351540780060     
       87106   8.7105999780078491E-002  0.39332983964804691     
       89135   8.9134999774955759E-002  0.39051646902673248     
       91211   9.1210999769714363E-002  0.38774546888276579     
       93335   9.3334999764351778E-002  0.38491460629196428     
       95509   9.5508999758862956E-002  0.38225068198649897     
       97734   9.7733999753245371E-002  0.37947803977823291     
      100001  0.10000099974752175       0.37685135134789455     
      102331  0.10233099974163906       0.37404695989738190     
      104714  0.10471399973562256       0.37120972676758113     
      107154  0.10715399972946216       0.36841696829381892     
      109649  0.10964899972316289       0.36574985659554027     
      112203  0.11220299971671466       0.36292661732359743     
      114817  0.11481699971011494       0.35994983829856486     
      117491  0.11749099970336374       0.35706145043318738     
      120228  0.12022799969645348       0.35449842149764166     
      123029  0.12302899968938164       0.35198523251650421     
      125894  0.12589399968214821       0.34943219015390092     
      128827  0.12882699967474309       0.34686463771745851     
      131827  0.13182699966716882       0.34402950446009761     
      134898  0.13489799965941529       0.34126260177533163     
      138040  0.13803999965148250       0.33843228285941768     
      141256  0.14125599964336288       0.33560076521310189     
      144546  0.14454599963505643       0.33292833090266610     
      147913  0.14791299962655557       0.33025872041658810     
      151358  0.15135799961785779       0.32753510186633383     
      154884  0.15488399960895549       0.32470518467385628     
      158491  0.15849099959984869       0.32191613074042835     
      162183  0.16218299959052729       0.31907630486132549     
      165905  0.16590499958113014       0.31622727073583029     
      175955  0.17595499955575633       0.30902905118289870     
      186189  0.18618899952991796       0.30199432285043065     
      195568  0.19556799950623827       0.29512007921901851     
      206038  0.20603799947980406       0.28840251701588382     
      216275  0.21627499945395812       0.28183777381569269     
      228580  0.22857999942289098       0.27542232881596235     
      241327  0.24132699939070790       0.26915261801090024     
      254037  0.25403699935861823       0.26302629195019189     
      266689  0.26668899932667500       0.25703907888838601     
      280605  0.28060499929154048       0.25118790484628550     
      294208  0.29420799925719621       0.24547041503001077     
      307190  0.30718999922441981       0.23988273013976311     
      320685  0.32068499919034821       0.23442216296087606     
      334050  0.33404999915660483       0.22908613833662594     
      348501  0.34850099912011956       0.22387164040573804     
      363688  0.36368799908177607       0.21877559516438858     
      378876  0.37887599904343006       0.21379577046516418     
      395318  0.39531799900191800       0.20892900490666097     
      409418  0.40941799896631892       0.20417326723350510     
      423299  0.42329899893127276       0.19952581831851787     
      438316  0.43831599889335848       0.19498407981249624     
      453255  0.45325499885564113       0.19054555855959857     
      469042  0.46904199881578279       0.18620841034778723     
      484667  0.48466699877633346       0.18196964963618048     
      500296  0.50029599873687403       0.17782758739829377     
      517977  0.51797699869223379       0.17377963588553180     
      534564  0.53456399865035564       0.16982396297784871     
      551621  0.55162099860729086       0.16595834759110067     
      570019  0.57001899856084037       0.16218071264724090     
      586998  0.58699799851797252       0.15848904316806767     
      605572  0.60557199847107768       0.15488127418482439     
      622434  0.62243399842850522       0.15135577008590853     
      638930  0.63892999838685682       0.14791053644918292     
      657832  0.65783199833913386       0.14454363096627612     
      676102  0.67610199829300655       0.14125339056430575     
      695719  0.69571899824347838       0.13803819107130433     
      715604  0.71560399819327358       0.13489600059806597     
      736697  0.73669699814001888       0.13182530225603104     
      755398  0.75539799809280339       0.12882474318812931     
      772603  0.77260299804936494       0.12589228729320864     
      793818  0.79381799799580222       0.12302657898865024     
      813865  0.81386499794518841       0.12022622969764392     
      831851  0.83185099789977812       0.11748955241840732     
      849616  0.84961599785492581       0.11481512950194614     
      867860  0.86785999780886414       0.11220159507748827     
      883925  0.88392499776830391       0.10964757459761483     
      903347  0.90334699771926807       0.10715166198545729     
      923003  0.92300299766964145       0.10471269332390568     
      942443  0.94244299762056016       0.10232903287500930     
      963960  0.96395999756623496        9.9999791785472275E-002
      982757  0.98275699751877710        9.7723555037524057E-002
     1001078   1.0010779974725210        9.5498987801757168E-002
     1019749   1.0197489974253813        9.3325273121289173E-002
     1042391   1.0423909973682157        9.1200909637118729E-002
     1061263   1.0612629973205685        8.9124910939835988E-002
     1082084   1.0820839972680005        8.7096191183195934E-002
     1107307   1.1073069972043186        8.5113601301737299E-002
     1132363   1.1323629971410583        8.3176223154387122E-002
     1156062   1.1560619970812240        8.1282844809846821E-002
     1179182   1.1791819970228516        7.9432642965677008E-002
     1200419   1.2004189969692334        7.7624572864828184E-002
     1220809   1.2208089969177536        7.5857606215862197E-002
     1240064   1.2400639968691394        7.4130884749209716E-002
     1260802   1.2608019968167810        7.2443412176410801E-002
     1282450   1.2824499967621250        7.0794398203144218E-002
     1304358   1.3043579967068126        6.9182952232620276E-002
     1321342   1.3213419966639322        6.7608152349936015E-002
     1342228   1.3422279966112001        6.6069203551269814E-002
     1364133   1.3641329965558953        6.4565321598731268E-002
     1387138   1.3871379964978132        6.3095635666722605E-002
     1410475   1.4104749964388930        6.1659405141396922E-002
     1434635   1.4346349963778948        6.0255830324751007E-002
     1458432   1.4584319963178132        5.8884268947165162E-002
     1479963   1.4799629962634526        5.7543863546457498E-002
     1505597   1.5055969961987330        5.6234017766885858E-002
     1528909   1.5289089961398759        5.4953992743618507E-002
     1550854   1.5508539960844701        5.3703047670703052E-002
     1569331   1.5693309960378201        5.2480622163792998E-002
     1587682   1.5876819959914883        5.1286055115728514E-002
     1606774   1.6067739959432856        5.0118624011580647E-002
     1627742   1.6277419958903465        4.8977788268485180E-002
     1651004   1.6510039958316156        4.7862900665177004E-002
     1675222   1.6752219957704710        4.6773439596165589E-002
     1699236   1.6992359957098415        4.5708724429091699E-002
     1718336   1.7183359956616187        4.4668285079052392E-002
     1740054   1.7400539956067860        4.3651514434389575E-002
     1762788   1.7627879955493881        4.2657854612379240E-002
     1786419   1.7864189954897256        4.1686861692104935E-002
     1808295   1.8082949954344940        4.0737965281695571E-002
     1827989   1.8279889953847714        3.9810635923672434E-002
     1849015   1.8490149953316859        3.8904453984228329E-002
     1875117   1.8751169952657847        3.8018856036143807E-002
     1900802   1.9008019952009363        3.7153443918588040E-002
     1927002   1.9270019951347876        3.6304707373476651E-002
     1957631   1.9576309950574569        3.5481272003077977E-002
     1983476   1.9834759949922045        3.4673629014928826E-002
     2010768   2.0107679949232988        3.3884344112588304E-002
     2031984   2.0319839948697336        3.3113061129817552E-002
     2055809   2.0558089948095812        3.2359304891715360E-002
     2080838   2.0808379947463891        3.1622715527002965E-002
     2107698   2.1076979946785741        3.0902897165109793E-002
     2133462   2.1334619946135263        3.0199465470977762E-002
     2152903   2.1529029945644425        2.9512027501667610E-002
     2177013   2.1770129945035706        2.8840260802113962E-002
     2199608   2.1996079944465237        2.8183653560278892E-002
     2220918   2.2209179943927211        2.7542227845733749E-002
     2246493   2.2464929943281504        2.6915303710100962E-002
     2262843   2.2628429942868706        2.6302624434455035E-002
     2286791   2.2867909942264077        2.5703900996642368E-002
     2310377   2.3103769941668588        2.5118806805924869E-002
     2334284   2.3342839941064994        2.4547049121151042E-002
     2360470   2.3604699940403862        2.3988291159767833E-002
     2381967   2.3819669939861114        2.3442252233134401E-002
     2399717   2.3997169939412970        2.2908635760418405E-002
     2416949   2.4169489938977904        2.2387159242858723E-002
     2437869   2.4378689938449725        2.1877577223199000E-002
     2458993   2.4589929937916395        2.1379579589723030E-002
     2478230   2.4782299937430707        2.0892913448777566E-002
     2499176   2.4991759936901872        2.0417332784090324E-002
     2523461   2.5234609936288734        1.9952581738599012E-002
     2548054   2.5480539935667821        1.9498405859992796E-002
     2573607   2.5736069935022670        1.9054572384364501E-002
     2593846   2.5938459934511684        1.8620838989606543E-002
     2611668   2.6116679934061722        1.8196966338486012E-002
     2632566   2.6325659933534098        1.7782756035377031E-002
     2654267   2.6542669932986200        1.7377972327623458E-002
     2681471   2.6814709932299365        1.6982401554346480E-002
     2707218   2.7072179931649316        1.6595834396241065E-002
     2734248   2.7342479930966874        1.6218068208625255E-002
     2758828   2.7588279930346289        1.5848899742164520E-002
     2783781   2.7837809929716286        1.5488132577660572E-002
     2809789   2.8097889929059647        1.5135582834182860E-002
     2830227   2.8302269928543637        1.4791054618931584E-002
     2856063   2.8560629927891341        1.4454370807679570E-002
     2882707   2.8827069927218645        1.4125347470119639E-002
     2905955   2.9059549926631689        1.3803819804624742E-002
     2935128   2.9351279925895142        1.3489600207831338E-002
     2966721   2.9667209925097495        1.3182546860612081E-002
     2995090   2.9950899924381247        1.2882466273822083E-002
     3018358   3.0183579923793786        1.2589230521994970E-002
     3043683   3.0436829923154392        1.2302667049571283E-002
     3074296   3.0742959922381488        1.2022621762938527E-002
     3098987   3.0989869921758100        1.1748951293790668E-002
     3121594   3.1215939921187328        1.1481513428713935E-002
     3146617   3.1466169920555558        1.1220165673268475E-002
     3168054   3.1680539920014326        1.0964761516682971E-002
     3191154   3.1911539919431107        1.0715175421460240E-002
     3211152   3.2111519918926206        1.0471269103940676E-002
     3235393   3.2353929918314179        1.0232910455418975E-002
     3262712   3.2627119917624441        9.9999810444830733E-003
     3284685   3.2846849917069676        9.7723526169915809E-003
     3311322   3.3113219916397156        9.5499104226198731E-003
     3332930   3.3329299915851607        9.3325274506845853E-003
     3357580   3.3575799915229254        9.1200875680232940E-003
     3377967   3.3779669914714532        8.9124906751095884E-003
     3409261   3.4092609913924434        8.7096215731508105E-003
     3442549   3.4425489913083993        8.5113634640874847E-003
     3473653   3.4736529912298693        8.3176240375543321E-003
     3491784   3.4917839911840929        8.1282928092024104E-003
     3511262   3.5112619911349157        7.9432694730033546E-003
     3537010   3.5370099910699082        7.7624532791504327E-003
     3560330   3.5603299910110309        7.5857619714577830E-003
     3580212   3.5802119909608336        7.4130784876984355E-003
     3598702   3.5987019909141509        7.2443485840847904E-003
     3628823   3.6288229908381027        7.0794463404618832E-003
     3652367   3.6523669907786598        6.9182993932611573E-003
     3672466   3.6724659907279147        6.7608193170557961E-003
     3699603   3.6996029906594003        6.6069217945115858E-003
     3722166   3.7221659906024342        6.4561159553453594E-003
     3742117   3.7421169905520628        6.3095603059564673E-003
     3768927   3.7689269904843741        6.1659366149518606E-003
     3792545   3.7925449904247444        6.0249959304418694E-003
     3814643   3.8146429903689523        5.8884240609701401E-003
     3842600   3.8425999902983676        5.7543902461590678E-003
     3871340   3.8713399902258061        5.6234041205206146E-003
     3895859   3.8958589901639016        5.4953966728475169E-003
     3919432   3.9194319901043855        5.3702456566552224E-003
     3945569   3.9455689900383959        5.2480627648936332E-003
     3967546   3.9675459899829093        5.1286042457495632E-003
     3987643   3.9876429899321693        5.0118619343284499E-003
     4006369   4.0063689898848907        4.8977778995054951E-003
     4026935   4.0269349898329665        4.7862868108935952E-003
     4044323   4.0443229897890660        4.6772560471220730E-003
     4063747   4.0637469897400251        4.5708713437968597E-003
     4089492   4.0894919896750253        4.4668284231246715E-003
     4113304   4.1133039896149057        4.3651515118537541E-003
     4129389   4.1293889895742950        4.2657864712253354E-003
     4148086   4.1480859895270896        4.1686859992232633E-003
     4169098   4.1690979894740394        4.0737940885200441E-003
     4193069   4.1930689894135185        3.9810629535918718E-003
     4220567   4.2205669893440927        3.8904454539125445E-003
     4242134   4.2421339892896412        3.8018850742830221E-003
     4267810   4.2678099892248156        3.7153459040138530E-003
     4301598   4.3015979891395091        3.6307735360748329E-003
     4333092   4.3330919890599944        3.5481277677830957E-003
     4360876   4.3608759889898465        3.4673623168507712E-003
     4393271   4.3932709889080570        3.3884355945177007E-003
     4436512   4.4365119887988840        3.3113060079673941E-003
     4463959   4.4639589887295870        3.2359294284181627E-003
     4486423   4.4864229886728708        3.1616223374969200E-003
     4496336   4.4963359886478429        3.0891223680965096E-003
     4516307   4.5163069885974210        3.0199465506778756E-003
     4534039   4.5340389885526520        2.9512035408118661E-003
     4550536   4.5505359885110011        2.8840202792928733E-003
     4565036   4.5650359884743921        2.8183781769362437E-003
     4582174   4.5821739884311228        2.7542200035942004E-003
     4601244   4.6012439883829757        2.6915301352645649E-003
     4621860   4.6218599883309253        2.6302635144521075E-003
     4643666   4.6436659882758704        2.5703916309936501E-003
     4677545   4.6775449881903342        2.5118821867222692E-003
     4707845   4.7078449881138340        2.4547025068000937E-003
     4726268   4.7262679880673204        2.3988272063936267E-003
     4749123   4.7491229880096171        2.3442246186643916E-003
     4768607   4.7686069879604247        2.2908624757643188E-003
     4790161   4.7901609879060061        2.2387173352177553E-003
     4815303   4.8153029878425286        2.1877567706600912E-003
     4833459   4.8334589877966891        2.1379566366238039E-003
     4859077   4.8590769877320099        2.0892919637134823E-003
     4877751   4.8777509876848626        2.0417344437286887E-003
     4909689   4.9096889876042269        1.9943878940196372E-003
     4932972   4.9329719875454430        1.9498410147424834E-003
     4962994   4.9629939874696447        1.9054567230310589E-003
     4993681   4.9936809873921675        1.8620842637410639E-003
     5038978   5.0389779872778035        1.8196976063065509E-003
     5078750   5.0787499871773889        1.7782764940519199E-003
     5119874   5.1198739870735608        1.7377980217160778E-003
     5157549   5.1575489869784406        1.6982409549079200E-003
     5196719   5.1967189868795458        1.6595838387003024E-003
     5227952   5.2279519868006901        1.6218071949805177E-003
     5241436   5.2414359867666462        1.5848896265887634E-003
     5270114   5.2701139866942412        1.5488143702009789E-003
     5306224   5.3062239866030723        1.5135583294827687E-003
     5336145   5.3361449865275290        1.4791060323500822E-003
     5356831   5.3568309864753019        1.4454368478594168E-003
     5386559   5.3865589864002459        1.4125349217884366E-003
     5419614   5.4196139863167900        1.3803816420599854E-003
     5457101   5.4571009862221445        1.3489604370419156E-003
     5477049   5.4770489861717806        1.3182540763745575E-003
     5509071   5.5090709860909328        1.2882473005521257E-003
     5535264   5.5352639860248019        1.2589235894909755E-003
     5557000   5.5569999859699237        1.2302662204944734E-003
     5576980   5.5769799859194791        1.2022622852498051E-003
     5597883   5.5978829858667041        1.1748957131027301E-003
     5627008   5.6270079857931705        1.1481519649630862E-003
     5641203   5.6412029857573316        1.1220167166045129E-003
     5670006   5.6700059856846110        1.0964752066496978E-003
     5692501   5.6925009856278166        1.0715175424994901E-003
     5712606   5.7126059855770563        1.0466714856388285E-003
     5726807   5.7268069855412023        1.0232909475567994E-003
          -1   5.7377369855136067        9.9999976369294363E-004
