SAMPLE					!	 Title
298.15	0.11900	0.00091			!	"Temperature (K), micelle volume fraction and solvent viscosity (Pa.s)"
Y					!	"Data format (w, G' ,G"") ?"
N					!	does this dataset include only mechanical data?
N	N	N			!	"create detailed output file for G(t), Gf(t) and N(L)?"
Y	Y				!	"create detailed output file for G(w), G(w)+Rouse?"
Y	N				!	"fit persistence length (lp), micelle diamter (d) ?"
0.05         80	 4			!	"initial guess for dimensionless breakage rate (zeta), persistence length (lp), micelle diamter (d) in nm"
5000					!	size of micelle ensemble
13					!	number of iterations
0.1000	0.0660417	3.42165		!	"omega, G', G''"
0.1023	0.069377996	3.501532454				
0.1047	0.072800181	3.583275349				
0.1072	0.076319338	3.666921733				
0.1096	0.079947857	3.752515621				
0.1122	0.083699559	3.840102018				
0.1148	0.087589836	3.929726939				
0.1175	0.091635791	4.021437425				
0.1202	0.0958564	4.115281567				
0.1230	0.100272682	4.211308528				
0.1259	0.104907887	4.309568556				
0.1288	0.109784786	4.410112804				
0.1318	0.114916334	4.512992662				
0.1349	0.120313093	4.618260292				
0.1380	0.125985945	4.725968826				
0.1413	0.13194609	4.83617237				
0.1445	0.13820505	4.948926				
0.1479	0.144774666	5.06428576				
0.1514	0.151667094	5.18230866				
0.1549	0.158894799	5.303052666				
0.1585	0.166470554	5.426576695				
0.1622	0.174407879	5.552941539				
0.1660	0.182722522	5.682212949				
0.1698	0.191431325	5.814459286				
0.1738	0.200551828	5.949750711				
0.1778	0.210102301	6.088159241				
0.1820	0.220101759	6.229758817				
0.1862	0.230569999	6.374625378				
0.1905	0.241527622	6.522836936				
0.1950	0.252996063	6.674473648				
0.1995	0.264997619	6.829617907				
0.2042	0.277555879	6.988353025				
0.2089	0.290697075	7.150758733				
0.2138	0.304449116	7.316914734				
0.2188	0.318841283	7.486901989				
0.2239	0.333904301	7.660802699				
0.2291	0.349670404	7.838700273				
0.2344	0.366173421	8.0206793				
0.2399	0.38344885	8.20682551				
0.2455	0.401533945	8.397225733				
0.2512	0.420467805	8.591967849				
0.2570	0.440291095	8.79114288				
0.2630	0.461044911	8.994851986				
0.2692	0.482771813	9.203201088				
0.2754	0.505516248	9.416298966				
0.2818	0.529324633	9.63425737				
0.2884	0.554245437	9.857191139				
0.2951	0.58032927	10.08521833				
0.3020	0.607628969	10.31846034				
0.3090	0.636199692	10.55704208				
0.3162	0.666099017	10.80109207				
0.3236	0.697387528	11.05073954				
0.3311	0.730130506	11.30610435				
0.3388	0.764396847	11.56730488				
0.3467	0.800258759	11.83446081				
0.3548	0.837791925	12.10769309				
0.3631	0.877075673	12.3871238				
0.3715	0.918193157	12.67287604				
0.3802	0.96123154	12.96507383				
0.3890	1.006282191	13.26384194				
0.3981	1.053440898	13.56930575				
0.4074	1.102806885	13.881593				
0.4169	1.154479145	14.20083999				
0.4266	1.208559608	14.52718651				
0.4365	1.265154402	14.86077408				
0.4467	1.324374002	15.20174577				
0.4571	1.386333386	15.55024618				
0.4677	1.451152197	15.90642134				
0.4786	1.518954899	16.27041858				
0.4898	1.589870949	16.64238643				
0.5012	1.664034964	17.02247449				
0.5129	1.74158795	17.41083363				
0.5248	1.822680944	17.80761711				
0.5370	1.907472587	18.21297947				
0.5495	1.996128412	18.62707596				
0.5623	2.088821126	19.05006242				
0.5754	2.185730904	19.48209504				
0.5888	2.287045689	19.92333018				
0.6026	2.392961515	20.3739241				
0.6166	2.503682823	20.8340327				
0.6310	2.619422806	21.30381125				
0.6457	2.740403972	21.78341605				
0.6607	2.866859224	22.27301054				
0.6761	2.999031689	22.7727601				
0.6918	3.137174926	23.28282992				
0.7079	3.28155334	23.80338483				
0.7244	3.432442617	24.33458896				
0.7413	3.590130171	24.87660547				
0.7586	3.754915611	25.42959621				
0.7762	3.927111211	25.9937214				
0.7943	4.107042415	26.56913923				
0.8128	4.295045192	27.15600186				
0.8318	4.49145623	27.75444318				
0.8511	4.696621252	28.36458716				
0.8710	4.910898231	28.98655045				
0.8913	5.134657675	29.62044145				
0.9120	5.368282894	30.26635933				
0.9333	5.612170261	30.92439303				
0.9550	5.866729459	31.59462007				
0.9772	6.132383711	32.27710539				
1	6.40957	32.9719				
1.023292992	6.698737495	33.6790436				
1.047128548	7.000341933	34.39857625				
1.071519305	7.314850115	35.1305268				
1.096478196	7.642741512	35.87490771				
1.122018454	7.984508177	36.63171353				
1.148153621	8.3406546	37.40091926				
1.174897555	8.711697507	38.18247856				
1.202264435	9.098165593	38.97632187				
1.230268771	9.50059918	39.7823544				
1.258925412	9.919549791	40.60045385				
1.288249552	10.35558292	41.4304788				
1.318256739	10.8092882	42.27230097				
1.348962883	11.28127057	43.12577634				
1.380384265	11.77214666	43.99073322				
1.412537545	12.28254413	44.8669702				
1.445439771	12.8131009	45.75425382				
1.479108388	13.36446421	46.65231622				
1.513561248	13.93728958	47.56085254				
1.548816619	14.53223962	48.47951819				
1.584893192	15.1499826	49.40792593				
1.621810097	15.79118805	50.34565072				
1.659586907	16.45651559	51.29225251				
1.698243652	17.14662	52.24725307				
1.737800829	17.86215133	53.21012547				
1.77827941	18.60375219	54.18029078				
1.819700859	19.37205457	55.15711457				
1.862087137	20.16767644	56.13990325				
1.905460718	20.99121793	57.12790008				
1.9498446	21.84325707	58.12028101				
1.995262315	22.72434514	59.11615025				
2.041737945	23.63500508	60.11457356				
2.089296131	24.57573753	61.11469802				
2.13796209	25.5470058	62.11565292				
2.187761624	26.54922596	63.11651191				
2.238721139	27.5827597	64.11629056				
2.290867653	28.64790643	65.11394391				
2.344228815	29.74489466	66.10836387				
2.398832919	30.87387255	67.09837659				
2.454708916	32.03489762	68.08273979				
2.511886432	33.22792541	69.06013994				
2.570395783	34.45288027	70.02924139				
2.630267992	35.70991462	70.98885398				
2.691534804	36.99918936	71.93780191				
2.754228703	38.32078762	72.87487677				
2.818382931	39.67470523	73.79883941				
2.884031503	41.06084038	74.70842212				
2.951209227	42.47898234	75.60233125				
3.01995172	43.9287991	76.47925029				
3.090295433	45.40982402	77.3378434				
3.16227766	46.92144128	78.17675957				
3.235936569	48.46296235	78.99464703				
3.311311215	50.03391214	79.79019073				
3.388441561	51.63378237	80.5620943				
3.467368505	53.26193315	81.30907863				
3.548133892	54.91757968	82.02989054				
3.630780548	56.59977788	82.72331242				
3.715352291	58.30740886	83.38817304				
3.801893963	60.03916199	84.02335953				
3.89045145	61.7935167	84.6278307				
3.981071706	63.56872266	85.20063181				
4.073802778	65.36298773	85.74085756				
4.168693835	67.17514121	86.24749528				
4.265795188	69.00409266	86.7195763				
4.365158322	70.84862798	87.15624291				
4.466835922	72.70739999	87.55676743				
4.570881896	74.57891825	87.92057318				
4.677351413	76.4615383	88.24725761				
4.786300923	78.35344997	88.53661773				
4.897788194	80.25266501	88.78867802				
5.011872336	82.15700376	89.00372103				
5.12861384	84.06430158	89.18207901				
5.248074602	85.9731177	89.32337684				
5.370317964	87.88217453	89.42716899				
5.495408739	89.79015353	89.49318804				
5.623413252	91.69569742	89.52136979				
5.754399373	93.59741277	89.51188077				
5.888436554	95.49387306	89.46514845				
6.025595861	97.38362243	89.38189424				
6.165950019	99.26517987	89.2631697				
6.309573445	101.1370443	89.11039599				
6.45654229	102.9977284	88.92502661				
6.60693448	104.845859	88.70734569				
6.760829754	106.6801138	88.45745805				
6.918309709	108.499206	88.17566705				
7.079457844	110.3018962	87.86249957				
7.244359601	112.0870063	87.51873339				
7.413102413	113.8534343	87.145427				
7.58577575	115.6001713	86.74395226				
7.762471166	117.3263198	86.31602998				
7.943282347	119.0311144	85.8637687				
8.128305162	120.7138443	85.38926238				
8.317637711	122.3735498	84.89317728				
8.511380382	124.0092971	84.37589902				
8.7096359	125.6202929	83.83796305				
8.912509381	127.2059087	83.28007187				
9.120108394	128.7657071	82.70311383				
9.332543008	130.2994707	82.10818352				
9.54992586	131.807234	81.49660409				
9.77237221	133.2893189	80.8699514				
10	134.7463725	80.23008046				
10.23292992	136.1790421	79.57882789				
10.47128548	137.5868111	78.91697072				
10.71519305	138.9689583	78.24506552				
10.96478196	140.3249255	77.56376179				
11.22018454	141.6543428	76.87381086				
11.48153621	142.957057	76.17607564				
11.74897555	144.2331626	75.47154105				
12.02264435	145.4830354	74.76132541				
12.30268771	146.7073703	74.0466927				
12.58925412	147.9072218	73.32906584				
12.88249552	149.0836446	72.60983132				
13.18256739	150.2364166	71.88966668				
13.48962883	151.365089	71.16907463				
13.80384265	152.4693872	70.44857851				
14.12537545	153.5492357	69.728722				
14.45439771	154.6047863	69.0100688				
14.79108388	155.6364494	68.29320213				
15.13561248	156.6449272	67.57872407				
15.48816619	157.631251	66.86725483				
15.84893192	158.5968217	66.15943166				
16.21810097	159.5430157	65.4558813				
16.59586907	160.4697916	64.75713165				
16.98243652	161.3768265	64.06367539				
17.37800829	162.263945	63.37599043				
17.7827941	163.1311407	62.69453519				
18.19700859	163.9785995	62.01974333				
18.62087137	164.8067257	61.35201784				
19.05460718	165.6161702	60.69172453				
19.498446	166.4078613	60.03918482				
19.95262315	167.1830387	59.39466773				
20.41737945	167.9429357	58.75842749				
20.89296131	168.6876549	58.13084615				
21.3796209	169.4170883	57.51230835				
21.87761624	170.131265	56.90315024				
22.38721139	170.8303705	56.30365095				
22.90867653	171.5147677	55.71402312				
23.44228815	172.1850193	55.13440251				
23.98832919	172.8419131	54.56483652				
24.54708916	173.4864892	54.0052716				
25.11886432	174.1200699	53.45553941				
25.70395783	174.7439427	52.91546489				
26.30267992	175.3582483	52.385254				
26.91534804	175.9628825	51.86517153				
27.54228703	176.5578337	51.35541689				
28.18382931	177.1431966	50.85611409				
28.84031503	177.7191857	50.36730052				
29.51209227	178.286152	49.88891475				
30.1995172	178.8445992	49.4207831				
30.90295433	179.3952037	48.96260488				
31.6227766	179.9388342	48.51393625				
32.35936569	180.4763323	48.0743454				
33.11311215	181.00774	47.64396117				
33.88441561	181.5329252	47.22302529				
34.67368505	182.0518164	46.8117228				
35.48133892	182.5644123	46.41017328				
36.30780548	183.0707907	46.01842113				
37.15352291	183.5711203	45.63642494				
38.01893963	184.0656717	45.26404577				
38.9045145	184.5548311	44.90103439				
39.81071706	185.0391141	44.5470172				
40.73802778	185.5190388	44.20162049				
41.68693835	185.9946747	43.86491165				
42.65795188	186.4660133	43.53703636				
43.65158322	186.9331089	43.21808056				
44.66835922	187.3960873	42.90806179				
45.70881896	187.8551552	42.6069196				
46.77351413	188.3106103	42.3145051				
47.86300923	188.7628531	42.03056949				
48.97788194	189.2123993	41.75475145				
50.11872336	189.5533224	41.53911722				
51.2861384	189.8984253	41.32740569				
52.48074602	190.2474707	41.11950044				
53.70317964	190.6001143	40.91538107				
54.95408739	190.9560234	40.71498837				
56.23413252	191.3149076	40.5182145				
57.54399373	191.6765233	40.32489925				
58.88436554	192.0407177	40.13482075				
60.25595861	192.407272	39.94771708				
61.65950019	192.7761552	39.76324057				
63.09573445	193.1472596	39.58099869				
64.5654229	193.520584	39.40062293				
66.0693448	193.8960383	39.22212287				
67.60829754	194.273422	39.04560752				
69.18309709	194.6526292	38.87114734				
70.79457844	195.0337651	38.69875728				
72.44359601	195.4167318	38.52846406				
74.13102413	195.8015362	38.36024712				
75.8577575	196.1884012	38.19402515				
77.62471166	196.577516	38.02969413				
79.43282347	196.9689697	37.8671359				
81.28305162	197.3630717	37.70620284				
83.17637711	197.7596041	37.54696371				
85.11380382	198.1582667	37.38952118				
87.096359	198.5589041	37.23393465				
89.12509381	198.9612338	37.08025902				
91.20108394	199.3651648	36.92850393				
93.32543008	199.7704747	36.77867232				
95.4992586	200.176941	36.63074284				
97.7237221	200.5845596	36.48463651				
100	200.9932804	36.3402616				
102.3292992	201.4028627	36.19758265				
104.7128548	201.8133105	36.05675317				
107.1519305	202.22439	35.91800602				
109.6478196	202.6359985	35.78155683				
112.2018454	203.0480708	35.64759891				
114.8153621	203.460514	35.51633026				
117.4897555	203.8733666	35.38791841				
120.2264435	204.2862778	35.26255827				
123.0268771	204.6996339	35.14037435				
125.8925412	205.113314	35.02152129				
128.8249552	205.527164	34.90615058				
131.8256739	205.9413827	34.79442712				
134.8962883	206.3557013	34.68653912				
138.0384265	206.7700528	34.58266225				
141.2537545	207.1844903	34.48295101				
144.5439771	207.5988497	34.38756433				
147.9108388	208.0134127	34.29664404				
151.3561248	208.4279369	34.21033296				
154.8816619	208.8425011	34.12876461				
158.4893192	209.257296	34.05206892				
162.1810097	209.6723356	33.98037185				
165.9586907	210.0878976	33.91384232				
169.8243652	210.5039846	33.8526348				
173.7800829	210.9211498	33.79692455				
177.827941	211.3395803	33.74688592				
181.9700859	211.7594427	33.70269447				
186.2087137	212.1813029	33.66454903				
190.5460718	212.6051146	33.63263711				
194.98446	213.0317102	33.6072196				
199.5262315	213.4609741	33.58850705				
204.1737945	213.8933484	33.57679941				
208.9296131	214.329433	33.57254266				
213.796209	214.769347	33.57618008				
218.7761624	215.2129835	33.58814453				
223.8721139	215.6609556	33.60900235				
229.0867653	216.1135661	33.63932224				
234.4228815	216.5709856	33.67970533				
239.8832919	217.0332718	33.73078201				
245.4708916	217.500853	33.7933114				
251.1886432	217.974074	33.86811377				
257.0395783	218.4525636	33.95595622				
263.0267992	218.9366118	34.05784937				
269.1534804	219.4265356	34.17491122				
275.4228703	219.9219093	34.30818693				
281.8382931	220.4227215	34.45892412				
288.4031503	220.9289791	34.6284948				
295.1209227	221.4402606	34.81830751				
301.995172	221.9641161	35.00524974				
309.0295433	222.4915276	35.20199439				
316.227766	223.0228699	35.40866518				
323.5936569	223.5581033	35.62526941				
331.1311215	224.0973498	35.85186953				
338.8441561	224.6408372	36.08854948				
346.7368505	225.1886719	36.3353716				
354.8133892	225.740981	36.59239457				
363.0780548	226.2977493	36.85964019				
371.5352291	226.859094	37.13716791				
380.1893963	227.4253775	37.42512481				
389.045145	227.9964727	37.7234922				
398.1071706	228.572439	38.03231469				
407.3802778	229.1536633	38.35176011				
416.8693835	229.74012	38.68184419				
426.5795188	230.3317687	39.02258142				
436.5158322	230.9289269	39.37411868				
446.6835922	231.5317152	39.73653288				
457.0881896	232.1400421	40.10981877				
467.7351413	232.7541261	40.4940948				
478.6300923	233.3741608	40.88947107				
489.7788194	233.9999757	41.29591274				
501.1872336	234.6321396	41.7136883				
512.861384	235.270424	42.1427408				
524.8074602	235.9148234	42.58310417				
537.0317964	236.5657766	43.03500695				
549.5408739	237.2232206	43.49846153				
562.3413252	237.8873115	43.97358194				
575.4399373	238.5582178	44.46048996				
588.8436554	239.2355125	44.95902621				
602.5595861	239.9198606	45.46954123				
616.5950019	240.6116301	45.99226373				
630.9573445	241.3101568	46.52692818				
645.654229	242.0160303	47.07386599				
660.693448	242.7292696	47.63313936				
676.0829754	243.4498101	48.20476989				
691.8309709	244.1776471	48.78880283				
707.9457844	244.9136589	49.38574169				
724.4359601	245.6573761	49.99542054				
741.3102413	246.4086878	50.61783657				
758.577575	247.1676708	51.25308483				
776.2471166	247.9351741	51.90167692				
794.3282347	248.7104417	52.56328242				
812.8305162	249.4941997	53.2383561				
831.7637711	250.286357	53.92692449				
851.1380382	251.0867469	54.62896888				
870.96359	251.8958105	55.34480467				
891.2509381	252.7135191	56.0744923				
912.0108394	253.5398275	56.81809211				
933.2543008	254.3752181	57.57595072				
954.992586	255.2194752	58.34803647				
977.237221	256.0725355	59.13439501				
1000	256.9349342	59.93541689				
1023.292992	257.807012	60.75141034				
1047.128548	258.6876837	61.58182284				
1071.519305	259.578247	62.42751429				
1096.478196	260.4784081	63.28841028				
1122.018454	261.388022	64.16453008				
1148.153621	262.3077133	65.05634951				
1174.897555	263.2370851	65.96374051				
1202.264435	264.1764544	66.88700528				
1230.268771	265.1258613	67.82627993				
1258.925412	266.0852015	68.78160214				
1288.249552	267.0555818	69.75379004				
1318.256739	268.0362505	70.7425161				
1348.962883	269.0265191	71.74744471				
1380.384265	270.0280091	72.76972258				
1412.537545	271.040711	73.80949378				
1445.439771	272.0634387	74.86613525				
1479.108388	273.0973425	75.94050786				
1513.561248	274.142457	77.03277526				
1548.816619	275.1985975	78.14296446				
1584.893192	276.2661848	79.27150411				
1621.810097	277.3451392	80.41848698				
1659.586907	278.435636	81.58418452				
1698.243652	279.5375778	82.76868602				
1737.800829	280.6513855	83.97244149				
1778.27941	281.7772138	85.19571569				
1819.700859	282.9143909	86.43821268				
1862.087137	284.0638201	87.70071971				
1905.460718	285.2257628	88.98359552				
1949.8446	286.4004121	90.28715798				
1995.262315	287.5866624	91.61082785				
2041.737945	288.7855942	92.95553084				
2089.296131	289.9973558	94.32155468				
2137.96209	291.2221363	95.70924291				
2187.761624	292.4598248	97.11872165				
2238.721139	293.7100592	98.54992901				
2290.867653	294.9739204	100.0038379				
2344.228815	296.2510252	101.480393				
2398.832919	297.5409168	102.9794725				
2454.708916	298.8452647	104.5025183				
2511.886432	300.1632212	106.0491399				
2570.395783	301.4943083	107.6192081				
2630.267992	302.8400515	109.2140874				
2691.534804	304.1997389	110.8334987				
2754.228703	305.5729448	112.4773587				
2818.382931	306.9612567	114.1471018				
2884.031503	308.3641382	115.8425944				
2951.209227	309.7807349	117.5634382				
3019.95172	311.213038	119.3114027				
3090.295433	312.6597973	121.0858384				
3162.27766	314.1216877	122.8875085				
3235.936569	315.598529	124.716553				
3311.311215	317.0912943	126.5740405				
3388.441561	318.5996567	128.4600038				
3467.368505	320.1226006	130.3739321				
3548.133892	321.6620029	132.3176187				
3630.780548	323.2176836	134.291228				
3715.352291	324.7881204	136.2938556				
3801.893963	326.3768013	138.3286452				
3890.45145	327.9803997	140.3932269				
3981.071706	329.6010737	142.4897072				
4073.802778	331.2380836	144.6177961				
4168.693835	332.8917344	146.7780972				
4265.795188	334.5636085	148.9722948				
4365.158322	336.2520888	151.1993987				
4466.835922	337.957297	153.4598788				
4570.881896	339.6810681	155.7556698				
4677.351413	341.4222685	158.0861693				
4786.300923	343.1806198	160.4515729				
4897.788194	344.9576401	162.853535				
5011.872336	346.7530002	165.292212				
5128.61384	348.5666318	167.7679579				
5248.074602	350.3988245	170.281438				
5370.317964	352.2498189	172.8333164				
5495.408739	354.1194554	175.4238787				
5623.413252	356.0082477	178.0540043				
5754.399373	357.9164013	180.7243684				
5888.436554	359.8445386	183.4359807				
6025.595861	361.7927346	186.1894175				
6165.950019	363.759431	188.9837221				
6309.573445	365.7471349	191.8216663				
6456.54229	367.7552114	194.7032057				
6606.93448	369.7833089	197.6285148				
6760.829754	371.8327673	200.59935				
6918.309709	373.9026157	203.6153796				
7079.457844	375.993064	206.6773148				
7244.359601	378.1051512	209.7866612				
7413.102413	380.2390238	212.9442044				
7585.77575	382.3949096	216.1506789				
7762.471166	384.572354	219.406257				
7943.282347	386.771744	222.7119355				
8128.305162	388.9943657	226.0695544				
8317.637711	391.2388429	229.4784021				
8511.380382	393.5056337	232.9395765				
8709.6359	395.7968141	236.4557654				
8912.509381	398.1105122	240.0258017				
9120.108394	400.4480183	243.6516019				
9332.543008	402.8091803	247.333771				
9549.92586	405.1938349	251.0727967				
9772.37221	407.6033375	254.8707897				
10000	410.037116	258.7279079				
10232.92992	412.4956296	262.6453792				
10471.28548	414.979241	266.624329				
10715.19305	417.488402	270.666021				
10964.78196	420.022477	274.7705685				
11220.18454	422.582391	278.9398066				
11481.53621	425.1679326	283.1742488				
11748.97555	427.7802432	287.4760297				
12022.64435	430.4193848	291.8460337				
12302.68771	433.0835552	296.2832275				
12589.25412	435.7768796	300.7929854				
12882.49552	438.4967171	305.3732972				
13182.56739	441.2433638	310.0254903				
13489.62883	444.0187762	314.7526179				
13803.84265	446.8234019	319.5561993				
14125.37545	449.6547199	324.4343676				
14454.39771	452.5145784	329.3902239				
14791.08388	455.4046476	334.4267142				
15135.61248	458.3230384	339.5427561				
15488.16619	461.2726695	344.742722				
15848.93192	464.2508089	350.0246022				
16218.10097	467.2591051	355.3914629				
16595.86907	470.2980424	360.8448671				
16982.43652	473.3677412	366.3862434				
17378.00829	476.4694315	372.0183283				
17782.7941	479.6008989	377.7395593				
18197.00859	482.7652747	383.5548822				
18620.87137	485.9615583	389.4645501				
19054.60718	489.1911282	395.4714274				
19498.446	492.4510333	401.5732403				
19952.62315	495.7458782	407.7770465				
20417.37945	499.0739766	414.081996				
20892.96131	502.4352268	420.4895208				
21379.6209	505.8312577	427.0031827				
21877.61624	509.2593626	433.6208279				
22387.21139	512.7260016	440.3522157				
22908.67653	516.2249213	447.19099				
23442.28815	519.7605715	454.1443205				
23988.32919	523.3295872	461.2095888				
24547.08916	526.9382259	468.3964941				
25118.86432	530.5816074	475.7001882				
25703.95783	534.2612172	483.1246244				
26302.67992	537.9781312	490.6727519				
26915.34804	541.7340113	498.3487284				
27542.28703	545.5274058	506.1521998				
28183.82931	549.357794	514.0846445				
28840.31503	553.2290631	522.1529598				
29512.09227	557.1366919	530.353023				
30199.5172	561.0855716	538.6935555				
30902.95433	565.0742176	547.1744573				
31622.7766	569.1037135	555.7995385				
32359.36569	573.17285	564.5691512				
33113.11215	577.2808962	573.4841536				
33884.41561	581.4351603	582.5574665				
34673.68505	585.6276491	591.7797752				
35481.33892	589.8636004	601.1610582				
36307.80548	594.1415921	610.7014976				
37153.52291	598.4627512	620.4051646				
38018.93963	602.8272015	630.2749412				
38904.5145	607.235178	640.313358				
39810.71706	611.690017	650.5283938				
40738.02778	616.1848568	660.9119349				
41686.93835	620.7273051	671.4785081				
42657.95188	625.3184517	682.2326151				
43651.58322	629.9506365	693.1650254				
44668.35922	634.6287573	704.2865671				
45708.81896	639.3585928	715.6088312				
46773.51413	644.1309621	727.1205239				
47863.00923	648.9538539	738.8379211				
48977.88194	653.822475	750.7558452				
50118.72336	658.7414316	762.8853199				
51286.1384	663.709843	775.2280841				
52480.74602	668.7248538	787.7831856				
53703.17964	673.7922643	800.5630425				
54954.08739	678.9105151	813.5693158				
56234.13252	684.0732791	826.7948346				
57543.99373	689.2950305	840.2671533				
58884.36554	694.5644708	853.9719171				
60255.95861	699.8831699	867.9148291				
61659.50019	705.2614248	882.1183196				
63095.73445	710.6856988	896.5623483				
64565.4229	716.1670141	911.2711567				
66069.3448	721.7035426	926.2449743				
67608.29754	727.2873557	941.4748929				
69183.09709	732.9311847	956.987368				
70794.57844	738.6310167	972.7802902				
72443.59601	744.3842748	988.8541495				
74131.02413	750.1903437	1005.211713				
75857.7575	756.058096	1021.87505				
77624.71166	761.9801329	1038.835016				
79432.82347	767.9584818	1056.100869				
81283.05162	773.996266	1073.683407				
83176.37711	780.0899884	1091.58243				
85113.80382	786.2449177	1109.812805				
87096.359	792.4570751	1128.37245				
89125.09381	798.7289299	1147.272353				
91201.08394	805.0575613	1166.513661				
93325.43008	811.4497845	1186.1152				
95499.2586	817.9011478	1206.073112				
97723.7221	824.41565	1226.404705				
100000	830.9858272	1247.099235				