           3   3.00000011E-06  0.921001315    
           4   3.99999999E-06  0.915373683    
           5   4.99999987E-06  0.910731673    
           6   6.00000021E-06  0.906754851    
           7   7.00000010E-06  0.903246760    
           8   7.99999998E-06  0.900096536    
           9   9.00000032E-06  0.897222817    
          10   9.99999975E-06  0.894589424    
          11   1.10000001E-05  0.892142475    
          12   1.20000004E-05  0.889860213    
          13   1.29999999E-05  0.887715042    
          14   1.40000002E-05  0.885692894    
          15   1.49999996E-05  0.883773148    
          16   1.60000000E-05  0.881947696    
          17   1.70000003E-05  0.880207956    
          18   1.80000006E-05  0.878543198    
          19   1.89999992E-05  0.876943648    
          20   1.99999995E-05  0.875411928    
          21   2.09999998E-05  0.873935461    
          22   2.20000002E-05  0.872512460    
          23   2.30000005E-05  0.871132493    
          24   2.40000008E-05  0.869800627    
          25   2.49999994E-05  0.868491769    
          26   2.59999997E-05  0.867245197    
          27   2.70000000E-05  0.866037071    
          28   2.80000004E-05  0.864862978    
          29   2.90000007E-05  0.863729000    
          30   2.99999992E-05  0.862627923    
          31   3.09999996E-05  0.861556590    
          32   3.19999999E-05  0.860517025    
          33   3.30000003E-05  0.859503925    
          34   3.40000006E-05  0.858518064    
          35   3.50000009E-05  0.857559323    
          36   3.60000013E-05  0.856622934    
          37   3.70000016E-05  0.855704665    
          38   3.79999983E-05  0.854807675    
          39   3.89999987E-05  0.853929281    
          40   3.99999990E-05  0.853064179    
          41   4.09999993E-05  0.852214277    
          42   4.19999997E-05  0.851383090    
          43   4.30000000E-05  0.850563943    
          44   4.40000003E-05  0.849759638    
          45   4.50000007E-05  0.848968506    
          46   4.60000010E-05  0.848191261    
          47   4.70000014E-05  0.847426414    
          48   4.80000017E-05  0.846653938    
          49   4.89999984E-05  0.845908105    
          50   4.99999987E-05  0.845178068    
          51   5.09999991E-05  0.844457746    
          52   5.19999994E-05  0.843749046    
          53   5.29999998E-05  0.843052089    
          54   5.40000001E-05  0.842363536    
          55   5.50000004E-05  0.841686308    
          56   5.60000008E-05  0.841016233    
          57   5.70000011E-05  0.840356410    
          58   5.80000014E-05  0.839701593    
          59   5.89999981E-05  0.839057207    
          60   5.99999985E-05  0.838420630    
          61   6.09999988E-05  0.837790251    
          62   6.19999992E-05  0.837168336    
          63   6.29999995E-05  0.836552739    
          64   6.39999998E-05  0.835944116    
          65   6.50000002E-05  0.835343301    
          66   6.60000005E-05  0.834753752    
          67   6.70000009E-05  0.834168792    
          68   6.80000012E-05  0.833588481    
          69   6.90000015E-05  0.833016157    
          70   7.00000019E-05  0.832453668    
          71   7.10000022E-05  0.831893623    
          72   7.20000025E-05  0.831341267    
          73   7.30000029E-05  0.830793440    
          74   7.40000032E-05  0.830249012    
          75   7.49999963E-05  0.829711974    
          76   7.59999966E-05  0.829179764    
          77   7.69999970E-05  0.828653812    
          78   7.79999973E-05  0.828131735    
          79   7.89999976E-05  0.827616632    
          80   7.99999980E-05  0.827105343    
          81   8.09999983E-05  0.826598048    
          82   8.19999987E-05  0.826094568    
          83   8.29999990E-05  0.825597644    
          84   8.39999993E-05  0.825103164    
          85   8.49999997E-05  0.824613929    
          86   8.60000000E-05  0.824127078    
          87   8.70000003E-05  0.823646545    
          88   8.80000007E-05  0.823167861    
          89   8.90000010E-05  0.822697639    
          90   9.00000014E-05  0.822229445    
          91   9.10000017E-05  0.821765363    
          92   9.20000020E-05  0.821304083    
          93   9.30000024E-05  0.820848644    
          94   9.40000027E-05  0.820371687    
          95   9.50000031E-05  0.819921613    
          96   9.60000034E-05  0.819475412    
          97   9.69999965E-05  0.819032311    
          98   9.79999968E-05  0.818592310    
          99   9.89999971E-05  0.818157375    
         100   9.99999975E-05  0.817725658    
         101   1.00999998E-04  0.817297220    
         104   1.03999999E-04  0.816029131    
         106   1.06000000E-04  0.815200388    
         109   1.09000001E-04  0.813978672    
         111   1.11000001E-04  0.813178182    
         114   1.14000002E-04  0.812002659    
         116   1.16000003E-04  0.811230063    
         119   1.18999997E-04  0.810063243    
         122   1.21999998E-04  0.808942854    
         125   1.25000006E-04  0.807845116    
         128   1.28000000E-04  0.806768358    
         131   1.30999993E-04  0.805716038    
         134   1.34000002E-04  0.804684937    
         137   1.36999995E-04  0.803666949    
         140   1.40000004E-04  0.802667499    
         143   1.42999997E-04  0.801681280    
         146   1.46000006E-04  0.800712287    
         150   1.49999993E-04  0.799450874    
         153   1.53000001E-04  0.798527002    
         157   1.57000002E-04  0.797318935    
         161   1.61000004E-04  0.796139300    
         164   1.63999997E-04  0.795270979    
         168   1.67999999E-04  0.794134617    
         172   1.72000000E-04  0.793022096    
         176   1.76000001E-04  0.791933537    
         180   1.80000003E-04  0.790868580    
         184   1.84000004E-04  0.789819896    
         189   1.88999998E-04  0.788531840    
         193   1.93000000E-04  0.787519455    
         197   1.97000001E-04  0.786520362    
         202   2.01999996E-04  0.785291612    
         207   2.07000005E-04  0.784086943    
         212   2.11999999E-04  0.782879412    
         216   2.16000000E-04  0.781943262    
         221   2.20999995E-04  0.780796647    
         227   2.26999997E-04  0.779446185    
         232   2.32000006E-04  0.778343737    
         237   2.37000000E-04  0.777262628    
         243   2.43000002E-04  0.775980651    
         248   2.47999997E-04  0.774929345    
         254   2.54000013E-04  0.773688912    
         260   2.60000001E-04  0.772469699    
         266   2.65999988E-04  0.771275461    
         272   2.72000005E-04  0.770096183    
         279   2.79000000E-04  0.768725038    
         285   2.84999987E-04  0.767570615    
         292   2.92000012E-04  0.766254544    
         299   2.99000007E-04  0.764962494    
         306   3.06000002E-04  0.763691187    
         313   3.12999997E-04  0.762440145    
         320   3.19999992E-04  0.761215270    
         327   3.26999987E-04  0.760015190    
         335   3.34999990E-04  0.758684099    
         343   3.42999992E-04  0.757381201    
         351   3.50999995E-04  0.756072998    
         359   3.58999998E-04  0.754804015    
         367   3.67000001E-04  0.753562510    
         376   3.76000011E-04  0.752198279    
         384   3.84000014E-04  0.751012266    
         393   3.92999995E-04  0.749702394    
         403   4.03000013E-04  0.748242676    
         412   4.11999994E-04  0.746982038    
         422   4.22000012E-04  0.745577276    
         431   4.30999993E-04  0.744360805    
         441   4.41000011E-04  0.743016243    
         452   4.52000007E-04  0.741575897    
         462   4.61999996E-04  0.740303457    
         473   4.72999993E-04  0.738885641    
         484   4.83999989E-04  0.737529159    
         495   4.94999986E-04  0.736209154    
         507   5.07000019E-04  0.734793901    
         518   5.17999986E-04  0.733480394    
         531   5.31000027E-04  0.731992841    
         543   5.43000002E-04  0.730654061    
         556   5.55999984E-04  0.729235828    
         568   5.68000018E-04  0.727913857    
         582   5.82000008E-04  0.726411402    
         595   5.94999990E-04  0.725053728    
         609   6.08999981E-04  0.723582149    
         623   6.22999971E-04  0.722161353    
         638   6.38000027E-04  0.720639050    
         653   6.53000025E-04  0.719187796    
         668   6.68000022E-04  0.717768788    
         683   6.83000020E-04  0.716361701    
         699   6.99000026E-04  0.714896023    
         716   7.15999980E-04  0.713365018    
         732   7.31999986E-04  0.711956739    
         749   7.48999999E-04  0.710483074    
         767   7.67000020E-04  0.708924949    
         785   7.84999982E-04  0.707401931    
         803   8.03000003E-04  0.705872655    
         821   8.21000023E-04  0.704366922    
         841   8.41000001E-04  0.702767968    
         860   8.59999971E-04  0.701274812    
         880   8.80000007E-04  0.699716687    
         901   9.00999992E-04  0.698116720    
         922   9.21999977E-04  0.696514726    
         943   9.43000021E-04  0.694940090    
         965   9.65000014E-04  0.693354189    
         988   9.87999956E-04  0.691741288    
        1000   1.00000005E-03  0.690910518    
        1001   1.00100006E-03  0.690842092    
        1025   1.02500001E-03  0.689162076    
        1049   1.04899995E-03  0.687529683    
        1073   1.07300002E-03  0.685902059    
        1098   1.09799998E-03  0.684267044    
        1124   1.12399994E-03  0.682611883    
        1150   1.15000003E-03  0.680991650    
        1177   1.17700000E-03  0.679281831    
        1204   1.20399997E-03  0.677608669    
        1232   1.23199995E-03  0.675907254    
        1261   1.26099994E-03  0.674182415    
        1290   1.29000004E-03  0.672526121    
        1320   1.32000004E-03  0.670817435    
        1351   1.35100004E-03  0.669090807    
        1382   1.38200005E-03  0.667420030    
        1414   1.41399994E-03  0.665687680    
        1447   1.44699996E-03  0.663921535    
        1481   1.48099998E-03  0.662176013    
        1516   1.51600002E-03  0.660364926    
        1551   1.55100005E-03  0.658638954    
        1587   1.58699998E-03  0.656896770    
        1624   1.62400003E-03  0.655130148    
        1662   1.66199997E-03  0.653339565    
        1700   1.70000002E-03  0.651596785    
        1740   1.73999998E-03  0.649735451    
        1781   1.78099994E-03  0.647853911    
        1822   1.82200002E-03  0.646061003    
        1864   1.86399999E-03  0.644186616    
        1908   1.90799998E-03  0.642301857    
        1952   1.95199996E-03  0.640474856    
        1998   1.99800008E-03  0.638634801    
        2044   2.04399996E-03  0.636838317    
        2092   2.09200010E-03  0.634974360    
        2141   2.14100000E-03  0.633128285    
        2190   2.18999991E-03  0.631275594    
        2241   2.24100007E-03  0.629378200    
        2294   2.29400001E-03  0.627482772    
        2347   2.34699994E-03  0.625539839    
        2402   2.40199990E-03  0.623606443    
        2458   2.45800009E-03  0.621656418    
        2515   2.51500006E-03  0.619682848    
        2573   2.57300003E-03  0.617771447    
        2633   2.63300003E-03  0.615857124    
        2695   2.69500003E-03  0.613936186    
        2757   2.75700004E-03  0.612046897    
        2822   2.82200007E-03  0.610145211    
        2887   2.88700010E-03  0.608188927    
        2955   2.95499992E-03  0.606208384    
        3023   3.02299997E-03  0.604265630    
        3094   3.09400004E-03  0.602291107    
        3166   3.16599989E-03  0.600348771    
        3240   3.23999999E-03  0.598314166    
        3315   3.31500010E-03  0.596325576    
        3392   3.39199998E-03  0.594372272    
        3471   3.47099989E-03  0.592401028    
        3552   3.55200004E-03  0.590374708    
        3635   3.63499997E-03  0.588302672    
        3720   3.71999992E-03  0.586176097    
        3806   3.80599988E-03  0.584037781    
        3895   3.89500009E-03  0.581902921    
        3986   3.98600008E-03  0.579716504    
        4078   4.07799985E-03  0.577628553    
        4173   4.17299988E-03  0.575465262    
        4271   4.27100016E-03  0.573296309    
        4370   4.37000021E-03  0.571078718    
        4472   4.47200006E-03  0.568970442    
        4576   4.57599992E-03  0.566864312    
        4683   4.68300004E-03  0.564708471    
        4792   4.79200017E-03  0.562493563    
        4903   4.90299985E-03  0.560321748    
        5017   5.01699978E-03  0.558234096    
        5134   5.13399998E-03  0.556089640    
        5254   5.25399996E-03  0.553866267    
        5376   5.37599996E-03  0.551633477    
        5501   5.50100021E-03  0.549391866    
        5630   5.63000003E-03  0.547146857    
        5761   5.76099986E-03  0.544865012    
        5895   5.89499995E-03  0.542563200    
        6032   6.03199983E-03  0.540297925    
        6173   6.17300021E-03  0.537986338    
        6316   6.31600013E-03  0.535659671    
        6463   6.46300009E-03  0.533364773    
        6614   6.61400007E-03  0.530985773    
        6768   6.76799985E-03  0.528638542    
        6926   6.92600012E-03  0.526190341    
        7087   7.08700018E-03  0.523779690    
        7252   7.25199981E-03  0.521427989    
        7421   7.42099993E-03  0.518904865    
        7594   7.59400008E-03  0.516536176    
        7771   7.77099980E-03  0.514105141    
        7952   7.95200001E-03  0.511639893    
        8137   8.13699979E-03  0.509052932    
        8326   8.32599960E-03  0.506560087    
        8520   8.51999968E-03  0.504154146    
        8719   8.71900003E-03  0.501720369    
        8922   8.92200042E-03  0.499234974    
        9130   9.13000014E-03  0.496569753    
        9342   9.34199989E-03  0.493861049    
        9560   9.56000015E-03  0.491259664    
        9783   9.78299975E-03  0.488431275    
       10000   9.99999978E-03  0.485876411    
       10001   1.00010000E-02  0.485864282    
       10234   1.02340002E-02  0.483300835    
       10473   1.04729999E-02  0.480656475    
       10717   1.07169999E-02  0.478041708    
       10966   1.09660001E-02  0.475489378    
       11222   1.12220002E-02  0.472891897    
       11483   1.14829997E-02  0.470190138    
       11751   1.17509998E-02  0.467416376    
       12024   1.20240003E-02  0.464596480    
       12304   1.23039996E-02  0.461864829    
       12591   1.25909997E-02  0.459149778    
       12884   1.28840003E-02  0.456489325    
       13184   1.31839998E-02  0.453401864    
       13491   1.34910000E-02  0.450446993    
       13806   1.38060004E-02  0.447694480    
       14127   1.41270002E-02  0.444694281    
       14456   1.44560002E-02  0.441689134    
       14793   1.47930002E-02  0.438663304    
       15138   1.51380002E-02  0.435681552    
       15490   1.54900001E-02  0.432495505    
       15851   1.58510003E-02  0.429353595    
       16220   1.62199996E-02  0.426391870    
       16598   1.65979993E-02  0.423561096    
       16985   1.69849992E-02  0.420473188    
       17380   1.73799992E-02  0.417472690    
       17785   1.77849997E-02  0.414423674    
       18199   1.81990005E-02  0.411096632    
       18623   1.86230000E-02  0.407917142    
       19057   1.90570001E-02  0.404794067    
       19501   1.95010006E-02  0.401560605    
       19955   1.99549999E-02  0.398311347    
       20420   2.04200000E-02  0.394961745    
       20896   2.08960008E-02  0.391697198    
       21382   2.13820003E-02  0.388369262    
       21880   2.18800008E-02  0.384983301    
       22390   2.23900005E-02  0.381610632    
       22911   2.29109991E-02  0.378358245    
       23445   2.34450009E-02  0.374824256    
       23991   2.39909999E-02  0.371462703    
       24550   2.45500002E-02  0.367881894    
       25122   2.51219999E-02  0.364422649    
       25707   2.57069990E-02  0.361107022    
       26306   2.63059996E-02  0.357853174    
       26919   2.69189999E-02  0.354808182    
       27546   2.75459997E-02  0.351488113    
       28187   2.81869993E-02  0.348097026    
       28844   2.88440008E-02  0.344637871    
       29516   2.95160003E-02  0.340920448    
       30203   3.02029997E-02  0.337281972    
       30907   3.09069995E-02  0.333602011    
       31626   3.16260010E-02  0.329865932    
       32363   3.23630013E-02  0.326230705    
       33117   3.31170000E-02  0.322714955    
       33888   3.38880010E-02  0.319081962    
       34507   3.45069990E-02  0.316225708    
       36059   3.60589996E-02  0.309024185    
       37607   3.76069993E-02  0.301990777    
       39323   3.93229984E-02  0.295118898    
       41118   4.11179997E-02  0.288399935    
       42987   4.29870002E-02  0.281834811    
       44794   4.47940007E-02  0.275420934    
       46514   4.65140007E-02  0.269150108    
       48320   4.83199991E-02  0.263023973    
       49959   4.99590002E-02  0.257036448    
       51583   5.15829995E-02  0.251184851    
       53326   5.33259995E-02  0.245466530    
       55201   5.52010015E-02  0.239881188    
       56996   5.69959991E-02  0.234421298    
       58676   5.86760007E-02  0.229084656    
       60437   6.04370013E-02  0.223868147    
       62101   6.21009991E-02  0.218772680    
       63771   6.37710020E-02  0.213792697    
       65543   6.55430034E-02  0.208926871    
       67390   6.73900023E-02  0.204171702    
       69279   6.92790002E-02  0.199523032    
       71075   7.10749999E-02  0.194981202    
       72934   7.29340017E-02  0.190544516    
       74832   7.48319998E-02  0.186205924    
       76859   7.68589973E-02  0.181967884    
       78835   7.88350031E-02  0.177816391    
       80615   8.06149989E-02  0.173777148    
       82588   8.25880021E-02  0.169822857    
       84627   8.46270025E-02  0.165957510    
       86710   8.67099985E-02  0.162178576    
       88745   8.87449980E-02  0.158487678    
       90604   9.06039998E-02  0.154880062    
       92440   9.24400017E-02  0.151354998    
       94234   9.42339972E-02  0.147908434    
       95936   9.59360003E-02  0.144541383    
       97688   9.76879969E-02  0.141251341    
       99486   9.94860008E-02  0.138036802    
      101262  0.101262003      0.134894729    
      103302  0.103302002      0.131824464    
      105455  0.105454996      0.128821969    
      107484  0.107483998      0.125890583    
      109552  0.109552003      0.123025015    
      111350  0.111350000      0.120225079    
      113276  0.113275997      0.117487848    
      115194  0.115194000      0.114814453    
      116946  0.116945997      0.112196252    
      118710  0.118709996      0.109645754    
      120635  0.120635003      0.107150346    
      122617  0.122616999      0.104711577    
      124790  0.124789998      0.102327988    
      126829  0.126828998       9.99985263E-02
      128895  0.128895000       9.77221578E-02
      130919  0.130918995       9.54981372E-02
      132981  0.132981002       9.33242068E-02
      135055  0.135055006       9.11989510E-02
      137042  0.137042001       8.91242400E-02
      139044  0.139044002       8.70957449E-02
      140973  0.140973002       8.51124227E-02
      142936  0.142936006       8.31756070E-02
      144742  0.144741997       8.12781975E-02
      146620  0.146620005       7.94315636E-02
      148496  0.148496002       7.76239261E-02
      150466  0.150465995       7.58565888E-02
      152385  0.152384996       7.41300732E-02
      154149  0.154148996       7.24426135E-02
      155973  0.155973002       7.07941204E-02
      157916  0.157915995       6.91818297E-02
      160067  0.160067007       6.76075891E-02
      161971  0.161971003       6.60678297E-02
      164052  0.164051995       6.45621568E-02
      166057  0.166057006       6.30946979E-02
      167940  0.167940006       6.16586171E-02
      169715  0.169715002       6.02548718E-02
      171646  0.171645999       5.88836893E-02
      173800  0.173800007       5.75434342E-02
      175590  0.175589994       5.62333800E-02
      177520  0.177520007       5.49536608E-02
      179481  0.179481000       5.37025295E-02
      181419  0.181419000       5.24801947E-02
      183555  0.183555007       5.12857884E-02
      185614  0.185614005       5.01183011E-02
      187627  0.187627003       4.89774197E-02
      189693  0.189693004       4.78624552E-02
      191887  0.191887006       4.67729531E-02
      193695  0.193694994       4.57082205E-02
      195692  0.195692003       4.46679704E-02
      197555  0.197555006       4.36510220E-02
      199512  0.199512005       4.26572524E-02
      201387  0.201387003       4.16862294E-02
      203264  0.203263998       4.07372974E-02
      205193  0.205192998       3.98101658E-02
      207121  0.207121000       3.89040671E-02
      209427  0.209426999       3.80186625E-02
      211737  0.211737007       3.71531397E-02
      213764  0.213763997       3.63073163E-02
      215869  0.215868995       3.54809165E-02
      217815  0.217814997       3.46731395E-02
      219743  0.219742998       3.38839442E-02
      221668  0.221668005       3.31127495E-02
      223782  0.223782003       3.23588960E-02
      225944  0.225943998       3.16221863E-02
      227947  0.227946997       3.09025422E-02
      230325  0.230324998       3.01992334E-02
      232608  0.232608005       2.95118876E-02
      234783  0.234782994       2.88400110E-02
      236720  0.236719996       2.81833895E-02
      238700  0.238700002       2.75383741E-02
      240539  0.240538999       2.69150473E-02
      242609  0.242608994       2.63023209E-02
      244756  0.244755998       2.57036351E-02
      246962  0.246961996       2.51186173E-02
      249069  0.249069005       2.45468952E-02
      250777  0.250777006       2.39879489E-02
      252809  0.252808988       2.34421287E-02
      254983  0.254983008       2.29083709E-02
      257024  0.257023990       2.23870259E-02
      258938  0.258937985       2.18772832E-02
      260842  0.260841995       2.13794783E-02
      263004  0.263004005       2.08928268E-02
      264771  0.264770985       2.04171743E-02
      266728  0.266728014       1.99524164E-02
      268988  0.268988013       1.94983184E-02
      271010  0.271010011       1.90543719E-02
      273249  0.273249000       1.86207108E-02
      275004  0.275003999       1.81967728E-02
      277025  0.277025014       1.77824534E-02
      278895  0.278894991       1.73776299E-02
      280508  0.280508012       1.69821531E-02
      282244  0.282243997       1.65957101E-02
      284190  0.284189999       1.62179768E-02
      285927  0.285926998       1.58487912E-02
      288224  0.288224012       1.54879708E-02
      290653  0.290652990       1.51353981E-02
      293017  0.293017000       1.47909820E-02
      295703  0.295702994       1.44542111E-02
      297730  0.297729999       1.41252568E-02
      299954  0.299953997       1.38037214E-02
      301655  0.301654994       1.34894447E-02
      303797  0.303797007       1.31823532E-02
      305986  0.305985987       1.28824003E-02
      307944  0.307944000       1.25891073E-02
      309726  0.309726000       1.23025123E-02
      311654  0.311654001       1.20225148E-02
      313549  0.313549012       1.17488643E-02
      315591  0.315591007       1.14791989E-02
      317315  0.317315012       1.12200603E-02
      319214  0.319213986       1.09646264E-02
      320732  0.320731997       1.07150339E-02
      322614  0.322613984       1.04711363E-02
      324633  0.324633002       1.02327764E-02
      326604  0.326604009       9.99990199E-03
      328900  0.328900009       9.77228861E-03
      330991  0.330991000       9.54984035E-03
      333093  0.333092988       9.33243334E-03
      334949  0.334948987       9.11996141E-03
      337110  0.337110013       8.91236775E-03
      339267  0.339266986       8.70953314E-03
      340864  0.340864003       8.51123687E-03
      342811  0.342810988       8.31758045E-03
      344968  0.344967991       8.12814105E-03
      347089  0.347088993       7.94314500E-03
      349102  0.349101990       7.76240183E-03
      351010  0.351009995       7.58571923E-03
      353217  0.353217006       7.41291977E-03
      355585  0.355585009       7.24424608E-03
      358443  0.358442992       7.07934564E-03
      361511  0.361510992       6.91824220E-03
      363485  0.363485008       6.76077558E-03
      365570  0.365570009       6.60677627E-03
      367407  0.367406994       6.45643938E-03
      369304  0.369304001       6.30948925E-03
      371116  0.371116012       6.16572751E-03
      372947  0.372947007       6.02554204E-03
      375266  0.375265986       5.88833867E-03
      377294  0.377294004       5.75434091E-03
      379512  0.379512012       5.62333222E-03
      381841  0.381841004       5.49533637E-03
      384282  0.384281993       5.37023786E-03
      386787  0.386786997       5.24799805E-03
      388936  0.388936013       5.12857642E-03
      390934  0.390933990       5.01179462E-03
      392828  0.392827988       4.89772623E-03
      395043  0.395042986       4.78626695E-03
      397476  0.397475988       4.67728963E-03
      399301  0.399300992       4.57083853E-03
      401545  0.401544988       4.46680374E-03
      403804  0.403804004       4.36510891E-03
      405930  0.405930012       4.26575541E-03
      408157  0.408156991       4.16866457E-03
      410606  0.410605997       4.07375861E-03
      412635  0.412634999       3.98102915E-03
      414379  0.414379001       3.89038934E-03
      416255  0.416254997       3.80100822E-03
      417955  0.417955011       3.71527951E-03
      419896  0.419896007       3.63072148E-03
      422442  0.422441989       3.54810245E-03
      424339  0.424338996       3.46731651E-03
      426218  0.426218003       3.38841812E-03
      427525  0.427525014       3.31124896E-03
      429488  0.429488003       3.23589612E-03
      431215  0.431214988       3.16223991E-03
      433322  0.433322012       3.09023890E-03
      435293  0.435292989       3.01990146E-03
      437136  0.437135994       2.95116589E-03
      439248  0.439247996       2.88399565E-03
      440643  0.440643013       2.81835767E-03
      442021  0.442021012       2.75418418E-03
      443968  0.443967998       2.69149547E-03
      446562  0.446561992       2.63023516E-03
      448640  0.448639989       2.57037906E-03
      450194  0.450194001       2.51184334E-03
      452111  0.452111006       2.45467946E-03
      454286  0.454286009       2.39879196E-03
      456401  0.456400990       2.34420504E-03
      457967  0.457967013       2.29083071E-03
      459496  0.459495991       2.23867199E-03
      460875  0.460875005       2.18772492E-03
      462402  0.462401986       2.13794806E-03
      464015  0.464015007       2.08926387E-03
      465193  0.465193003       2.04170006E-03
      466630  0.466630012       1.99522730E-03
      468724  0.468724012       1.94981124E-03
      471008  0.471008003       1.90543779E-03
      472665  0.472665012       1.86206657E-03
      475007  0.475006998       1.81967777E-03
      477295  0.477295011       1.77825580E-03
      479218  0.479218006       1.73776317E-03
      481038  0.481038004       1.69823179E-03
      483447  0.483446985       1.65956386E-03
      484785  0.484784991       1.62179931E-03
      486460  0.486460000       1.58488075E-03
      488425  0.488424987       1.54880481E-03
      489565  0.489564985       1.51346845E-03
      490897  0.490897000       1.47909869E-03
      492392  0.492392004       1.44541054E-03
      494837  0.494836986       1.41251949E-03
      497166  0.497166008       1.38036406E-03
      498676  0.498676002       1.34893984E-03
      500850  0.500850022       1.31823902E-03
      503509  0.503508985       1.28823530E-03
      505779  0.505779028       1.25891739E-03
      507091  0.507090986       1.23024941E-03
      509310  0.509310007       1.20225188E-03
      511819  0.511819005       1.17488182E-03
      514530  0.514530003       1.14813913E-03
      517381  0.517381012       1.12200796E-03
      519487  0.519487023       1.09646353E-03
      521419  0.521418989       1.07151130E-03
      523031  0.523030996       1.04711717E-03
      524901  0.524900973       1.02328451E-03
      525797  0.525797009       9.99991433E-04
          -1  0.525797009       9.99991433E-04
