 ITERATION:            2           1
 PARAMETERS PART
 RATIO  0.515240490    
 TIME INTERVAL   9.99999997E-07
 REPTATION TIME  0.279681832    
 BREAKAGE TIME  0.144103408    
 MICELLE LENGTH   2.05865013E-06
 PLATAEU   217.050583    
 Le   1.10230054E-07
 Lp   8.70470913E-08
 d   4.99999997E-09
 DATA PART
   1.08392686E-02   1.18360440E-04  0.113991298    
   1.17489770E-02   1.39061565E-04  0.123558238    
   1.27350315E-02   1.63383243E-04  0.133928046    
   1.38038425E-02   1.91958767E-04  0.145168170    
   1.49623547E-02   2.25532116E-04  0.157351628    
   1.62181016E-02   2.64977483E-04  0.170557618    
   1.75792370E-02   3.11321754E-04  0.184871912    
   1.90546066E-02   3.65771411E-04  0.200387537    
   2.06538048E-02   4.29744890E-04  0.217205331    
   2.23872121E-02   5.04906522E-04  0.235434532    
   2.42660996E-02   5.93214063E-04  0.255193561    
   2.63026766E-02   6.96966308E-04  0.276610881    
   2.85101850E-02   8.18865316E-04  0.299825698    
   3.09029557E-02   9.62083694E-04  0.324988663    
   3.34965438E-02   1.13035063E-03  0.352263361    
   3.63078006E-02   1.32804725E-03  0.381826997    
   3.93550098E-02   1.56032108E-03  0.413871676    
   4.26579528E-02   1.83321815E-03  0.448605478    
   4.62380983E-02   2.15384248E-03  0.486254007    
   5.01187295E-02   2.53054383E-03  0.527061999    
   5.43250367E-02   2.97312764E-03  0.571294248    
   5.88843636E-02   3.49311531E-03  0.619238079    
   6.38263375E-02   4.10404336E-03  0.671204746    
   6.91831037E-02   4.82181925E-03  0.727532029    
   7.49894232E-02   5.66512253E-03  0.788585246    
   8.12830478E-02   6.65590214E-03  0.854760885    
   8.81048962E-02   7.81995244E-03  0.926488698    
   9.54992622E-02   9.18756891E-03   1.00423157    
  0.103514217       1.07943416E-02   1.08849740    
  0.112201847       1.26820784E-02   1.17983150    
  0.121618591       1.48999058E-02   1.27882528    
  0.131825671       1.75055228E-02   1.38611972    
  0.142889410       2.05667224E-02   1.50240898    
  0.154881656       2.41630860E-02   1.62844598    
  0.167880416       2.83881761E-02   1.76504636    
  0.181970075       3.33517790E-02   1.91309178    
  0.197242275       3.91829908E-02   2.07353687    
  0.213796198       4.60332520E-02   2.24741673    
  0.231739476       5.40804602E-02   2.43585110    
  0.251188636       6.35335669E-02   2.64004850    
  0.272270143       7.46378526E-02   2.86131930    
  0.295120955       8.76813009E-02   3.10107851    
  0.319889516      0.103001706       3.36085510    
  0.346736878      0.120995849       3.64230061    
  0.375837415      0.142129108       3.94719744    
  0.407380283      0.166947246       4.27746677    
  0.441570461      0.196090505       4.63518047    
  0.478630096      0.230309501       5.02256536    
  0.518800020      0.270483315       5.44201565    
  0.562341332      0.317642599       5.89610624    
  0.609536886      0.372992635       6.38758326    
  0.660693467      0.437944651       6.91939545    
  0.716143429      0.514148057       7.49467468    
  0.776247144      0.603528976       8.11675644    
  0.841395140      0.708335340       8.78916645    
  0.912010849      0.831186950       9.51562786    
  0.988553107      0.975131273       10.3000345    
   1.07151937       1.14371085       11.1464386    
   1.16144860       1.34102893       12.0590162    
   1.25892544       1.57183707       13.0420542    
   1.36458313       1.84160995       14.0998220    
   1.47910845       2.15664577       15.2365761    
   1.60324550       2.52415395       16.4563942    
   1.73780084       2.95235038       17.7630482    
   1.88364911       3.45055485       19.1599121    
   2.04173803       4.02925444       20.6496563    
   2.21309471       4.70017576       22.2340412    
   2.39883280       5.47628927       23.9136181    
   2.60015965       6.37180614       25.6874180    
   2.81838298       7.40204954       27.5524864    
   3.05492115       8.58329105       29.5035095    
   3.31131101       9.93244648       31.5323811    
   3.58921933       11.4666195       33.6277008    
   3.89045167       13.2024937       35.7743454    
   4.21696520       15.1555948       37.9534073    
   4.57088232       17.3393097       40.1416664    
   4.95450163       19.7638645       42.3120689    
   5.37031841       22.4351254       44.4337387    
   5.82103205       25.3534298       46.4730453    
   6.30957365       28.5126667       48.3945885    
   6.83911705       31.8994217       50.1625595    
   7.41310263       35.4926109       51.7427864    
   8.03526211       39.2637978       53.1045837    
   8.70963573       43.1778526       54.2226028    
   9.44060898       47.1944046       55.0786819    
   10.2329292       51.2697334       55.6630669    
   11.0917473       55.3589592       55.9750366    
   12.0226460       59.4184227       56.0228767    
   13.0316677       63.4078293       55.8231659    
   14.1253748       67.2921982       55.3994598    
   15.3108768       71.0430679       54.7805977    
   16.5958710       74.6391602       53.9986572    
   17.9887085       78.0667648       53.0871544    
   19.4984436       81.3191681       52.0791321    
   21.1348934       84.3956909       51.0057983    
   22.9086781       87.3012619       49.8954582    
   24.8313293       90.0442047       48.7726364    
   26.9153519       92.6360855       47.6579857    
   29.1742725       95.0897903       46.5682678    
   31.6227760       97.4191513       45.5164986    
   34.2767754       99.6379852       44.5125504    
   37.1535263       101.759583       43.5636864    
   40.2717056       103.796661       42.6749306    
   43.6515808       105.761101       41.8496666    
   47.3151321       107.664261       41.0899887    
   51.2861443       109.516823       40.3966942    
   55.5904274       111.329018       39.7695847    
   60.2559547       113.110580       39.2073021    
   65.3130646       114.870911       38.7071762    
   70.7945786       116.618538       38.2653465    
   76.7361450       118.361031       37.8765488    
   83.1763916       120.104836       37.5343971    
   90.1571198       121.854469       37.2315407    
   97.7237244       123.612717       36.9600105    
   105.925392       125.380165       36.7118187    
   114.815346       127.155197       36.4795609    
   124.451469       128.934494       36.2567558    
   134.896317       130.712631       36.0387497    
   146.217697       132.483597       35.8227692    
   158.489334       134.240829       35.6083450    
   171.790894       135.977829       35.3972664    
   186.208710       137.689178       35.1934090    
   201.836670       139.370361       35.0022202    
   218.776123       141.018906       34.8305054    
   237.137375       142.634445       34.6855927    
   257.039642       144.218307       34.5748749    
   278.612061       145.773560       34.5052605    
   301.995178       147.305237       34.4827156    
   327.340759       148.818909       34.5117950    
   354.813354       150.321350       34.5955887    
   384.591827       151.818954       34.7354774    
   416.869507       153.318253       34.9314346    
   451.855927       154.824661       35.1818924    
   489.778870       156.342270       35.4843864    
   530.884338       157.874298       35.8358231    
   575.439941       159.421478       36.2329788    
   623.734924       160.983292       36.6731339    
   676.082886       162.557968       37.1544342    
   732.824524       164.142273       37.6763229    
   794.328430       165.731934       38.2400894    
   860.993652       167.323029       38.8487663    
   933.254333       168.911270       39.5072098    
   1011.57971       170.493500       40.2220116    
   1096.47815       172.066940       41.0012817    
   1188.50232       173.630692       41.8541260    
   1288.25000       175.184937       42.7904549    
   1396.36829       176.731155       43.8205605    
   1513.56152       178.272064       44.9548759    
   1640.58948       179.811172       46.2037125    
   1778.27942       181.353104       47.5773468    
   1927.52527       182.902695       49.0858803    
   2089.29590       184.465561       50.7392960    
   2264.64429       186.047165       52.5476837    
   2454.70947       187.653870       54.5212746    
   2660.72485       189.291687       56.6705055    
   2884.03174       190.967407       59.0061760    
   3126.08032       192.687973       61.5394211    
   3388.44141       194.460785       64.2816696    
   3672.82349       196.293671       67.2448044    
   3981.07080       198.194885       70.4408722    
   4315.19043       200.172836       73.8823013    
   4677.35205       202.236511       77.5817413    
   5069.90625       204.394501       81.5521088    
   5495.40869       206.655914       85.8068314    
   5956.62256       209.029572       90.3600159    
   6456.54150       211.523773       95.2262421    
   6998.42041       214.147232       100.421265    
   7585.77783       216.907715       105.962166    
   8222.42578       219.813568       111.867386    
   8912.51074       222.872528       118.157288    
   9660.51172       226.092926       124.854027    
   10471.2852       229.483444       131.981918    
   11350.1035       233.053558       139.567368    
   12302.6924       236.813614       147.639130    
   13335.2139       240.774841       156.227570    
   14454.3926       244.949844       165.365402    
   15667.5166       249.352386       175.087372    
   16982.4375       253.997070       185.429611    
   18407.7148       258.899811       196.430420    
   19952.6328       264.077301       208.130325    
   21627.1875       269.546692       220.571350    
   23442.2812       275.325531       233.798340    
   25409.7402       281.432037       247.859207    
   27542.2910       287.884064       262.804016    
   29853.8203       294.700409       278.687439    
   32359.3828       301.899475       295.567810    
   35075.1953       309.500763       313.507935    
   38018.9336       317.523621       332.575775    
   41209.7773       325.988617       352.845123    
   44668.3672       334.917694       374.395050    
   48417.2305       344.333649       397.311798    
   52480.7773       354.261627       421.688263    
   56885.3086       364.728638       447.623505    
   61659.4961       375.764862       475.225525    
   66834.3594       387.402161       504.609100    
   72443.6172       399.677246       535.898071    
   78523.5625       412.628326       569.223572    
   85113.7734       426.299286       604.725769    
   92257.1719       440.736694       642.555054    
   100000.000       455.991150       682.869324    
