 ITERATION:            1           1
 PARAMETERS PART
 RATIO   13.217887200531948     
 TIME INTERVAL   9.9999999747524271E-007
 REPTATION TIME  0.13280675947633497     
 BREAKAGE TIME   1.7554247662263729     
 MICELLE LENGTH   1.5059378062202112E-006
 PLATAEU   269.08491999476507     
 Le   1.0697327404402426E-007
 Lp   6.9999998020264798E-008
 d   3.9999998868722741E-009
 DATA PART
   1.0327614057613975E-002   7.0617581195684071E-004  0.22446029226710518     
   1.0665961212302578E-002   7.5320359178978247E-004  0.23181373834074337     
   1.1015393095414151E-002   8.0336313030332561E-004  0.23940807449086135     
   1.1376272858234310E-002   8.5686297544291048E-004  0.24725119067016041     
   1.1748975549395297E-002   9.1392556156646542E-004  0.25535123511981817     
   1.2133888504649774E-002   9.7478813394026500E-004  0.26371662281133340     
   1.2531411749414162E-002   1.0397037347633334E-003  0.27235604416290465     
   1.2941958414499863E-002   1.1089422548125525E-003  0.28127847403912365     
   1.3365955165464426E-002   1.1827915550724061E-003  0.29049318104304656     
   1.3803842646028845E-002   1.2615586630030577E-003  0.30000973710996276     
   1.4256075936021878E-002   1.3455710484094321E-003  0.30983802741247524     
   1.4723125024327186E-002   1.4351779842033581E-003  0.31998826058678453     
   1.5205475297324954E-002   1.5307519977020081E-003  0.33047097929036451     
   1.5703628043335523E-002   1.6326904184802843E-003  0.34129707110151974     
   1.6218100973589299E-002   1.7414170291939479E-003  0.35247777977161593     
   1.6749428760264373E-002   1.8573838262157237E-003  0.36402471684109161     
   1.7298163592151014E-002   1.9810728973803093E-003  0.37594987363067855     
   1.7864875748520508E-002   2.1129984246175907E-003  0.38826563361957367     
   1.8450154191794736E-002   2.2537088197688349E-003  0.40098478522264863     
   1.9054607179632473E-002   2.4037890024299303E-003  0.41412053497910750     
   1.9678862897068449E-002   2.5638628292511565E-003  0.42768652116534733     
   2.0323570109362220E-002   2.7345956847471403E-003  0.44169682784512243     
   2.0989398836235244E-002   2.9166972443354219E-003  0.45616599937045293     
   2.1677041048196951E-002   3.1109244210309364E-003  0.47110905534708752     
   2.2387211385683399E-002   3.3180845079787309E-003  0.48654150607865587     
   2.3120647901755952E-002   3.5390385298119699E-003  0.50247936850403396     
   2.3878112829131781E-002   3.7747048166795164E-003  0.51893918264277306     
   2.4660393372343388E-002   4.0260628157008198E-003  0.53593802856382422     
   2.5468302525850407E-002   4.2941571555788162E-003  0.55349354389311511     
   2.6302679918953815E-002   4.5801019811379387E-003  0.57162394187592402     
   2.7164392688390823E-002   4.8850855756584835E-003  0.59034803001030511     
   2.8054336379517132E-002   5.2103752900540881E-003  0.60968522926818425     
   2.8973435877013228E-002   5.5573227991912305E-003  0.62965559392106740     
   2.9922646366081891E-002   5.9273697069829375E-003  0.65027983198763306     
   3.0902954325135904E-002   6.3220535233080837E-003  0.67157932632076278     
   3.1915378551007616E-002   6.7430140373188627E-003  0.69357615635190051     
   3.2960971217745778E-002   7.1920001133073076E-003  0.71629312051086180     
   3.4040818970100091E-002   7.6708769370132952E-003  0.73975375933948706     
   3.5156044052829814E-002   8.1816337420781080E-003  0.76398237931775892     
   3.6307805477010138E-002   8.7263920482851878E-003  0.78900407742118184     
   3.7497300224548356E-002   9.3074144452911876E-003  0.81484476642840553     
   3.8725764492161724E-002   9.9271139577427666E-003  0.84153120099815648     
   3.9994474976109758E-002   1.0588064030005636E-002  0.86909100453465205     
   4.1304750199016145E-002   1.1293009171210653E-002  0.89755269686065609     
   4.2657951880159278E-002   1.2044876303956037E-002  0.92694572271730991     
   4.4055486350655322E-002   1.2846786862803270E-002  0.95730048110975219     
   4.5498806015004847E-002   1.3702069691678394E-002  0.98864835551735764     
   4.6989410860521531E-002   1.4614274792447307E-002   1.0210217449871331     
   4.8528850016212099E-002   1.5587187980287553E-002   1.0544540961284579     
   5.0118723362727220E-002   1.6624846505036334E-002   1.0889799360268366     
   5.1760683195056764E-002   1.7731555701471054E-002   1.1246349060937502     
   5.3456435939697164E-002   1.8911906735482008E-002   1.1614557968689103     
   5.5207743928075731E-002   2.0170795517342910E-002   1.1994805837903664     
   5.7016427228074748E-002   2.1513442857782752E-002   1.2387484639467612     
   5.8884365535558897E-002   2.2945415947328237E-002   1.2792998938248377     
   6.0813500127871796E-002   2.4472651244429947E-002   1.3211766280637696     
   6.2805835881331804E-002   2.6101478863223643E-002   1.3644217592261658     
   6.4863443354823844E-002   2.7838648557421998E-002   1.4090797585936212     
   6.6988460941652658E-002   2.9691357402797443E-002   1.4551965179924187     
   6.9183097091893658E-002   3.1667279287015841E-002   1.5028193926523403     
   7.1449632607551342E-002   3.3774596322228879E-002   1.5519972450986161     
   7.3790423012910111E-002   3.6022032302841699E-002   1.6027804900736555     
   7.6207901002541226E-002   3.8418888338258073E-002   1.6552211404814130     
   7.8704578969509845E-002   4.0975080798174565E-002   1.7093728543429367     
   8.1283051616409904E-002   4.3701181716170108E-002   1.7652909827468295     
   8.3945998651939732E-002   4.6608461805914353E-002   1.8230326187729349     
   8.6696187575821648E-002   4.9708936253321817E-002   1.8826566473615087     
   8.9536476554959374E-002   5.3015413457404202E-002   1.9442237960933144     
   9.2469817393822248E-002   5.6541546902432252E-002   2.0077966868385717     
   9.5499258602143589E-002   6.0301890354313915E-002   2.0734398882241902     
   9.8627948563121043E-002   6.4311956584821736E-002   2.1412199688593794     
  0.10185913880541170        6.8588279838461538E-002   2.2112055512493130     
  0.10519618738232230        7.3148482268352522E-002   2.2834673663149023     
  0.10864256236170655        7.8011344579470274E-002   2.3580783084239854     
  0.11220184543019636        8.3196881129978861E-002   2.4351134908250258     
  0.11587773561551262        8.8726419754093788E-002   2.5146503013587256     
  0.11967405313072436        9.4622686582970364E-002   2.5967684583057360     
  0.12359474334445104       0.10090989615341693        2.6815500662094061     
  0.12764388088113438       0.10761384710776153        2.7690796714917245     
  0.13182567385564070       0.11476202380185875        2.8594443176572009     
  0.13614446824659501       0.12238370415193303        2.9527335998543180     
  0.14060475241299139       0.13051007406460383        3.0490397185360045     
  0.14521116175877424       0.13917434880789403        3.1484575319302430     
  0.14996848355023737       0.14841190169414945        3.2510846069981696     
  0.15488166189124816       0.15826040045838874        3.3570212685206107     
  0.15995580286146691       0.16875995172748307        3.4663706459137562     
  0.16519617982290150       0.17995325398645737        3.5792387173311386     
  0.17060823890031235       0.19188575945784692        3.6957343505613647     
  0.17619760464116291       0.20460584531810741        3.8159693401793051     
  0.18197008586099836       0.21816499468117106        3.9400584403521854     
  0.18793168168032684       0.23261798778295165        4.0681193926408907     
  0.19408858775927784       0.24802310380143050        4.2002729480708441     
  0.20044720273651614       0.26444233374432902        4.3366428826751982     
  0.20701413487910425       0.28194160482968272        4.4773560056361603     
  0.21379620895022325       0.30059101677311478        4.6225421590671454     
  0.22080047330189004       0.32046509037850601        4.7723342083895091     
  0.22803420720004181       0.34164302880509551        4.9268680221620089     
  0.23550492838960096       0.36420899185286382        5.0862824401191284     
  0.24322040090738153       0.38825238356814129        5.2507192280659014     
  0.25118864315095801       0.41386815342156158        5.4203230181613522     
  0.25941793621188142       0.44115711124922080        5.5952412330007721     
  0.26791683248190323       0.47022625607378765        5.7756239917785566     
  0.27669416454115120       0.50118911883352446        5.9616239966785525     
  0.28575905433749471       0.53416611894191213        6.1533963974986072     
  0.29512092266663864       0.56928493447680573        6.3510986323701557     
  0.30478949896279828       0.60668088565352951        6.5548902422843831     
  0.31477483141013157       0.64649733106879226        6.7649326569833264     
  0.32508729738543440       0.68888607600914709        6.9813889496203911     
  0.33573761424295467       0.73400779189639209        7.2044235574405509     
  0.34673685045253166       0.78203244568993280        7.4342019655795584     
  0.35809643710263606       0.83313973777990735        7.6708903509357169     
  0.36982817978026628       0.88751954658188581        7.9146551829310541     
  0.38194427084004656       0.94537237768120497        8.1656627778552409     
  0.39445730207527846        1.0069098149697104        8.4240788033794924     
  0.40738027780411279        1.0723549707671272        8.6900677297456976     
  0.42072662838444413        1.1419429314209824        8.9637922240831873     
  0.43451022417157154        1.2159211943310029        9.2454124842911458     
  0.44874538993313218        1.2945500917445882        9.5350855089553939     
  0.46344691973628804        1.3781031960187582        9.8329642998554103     
  0.47863009232263842        1.4668677003408754        10.139196993770991     
  0.49431068698683550        1.5611447681471611        10.453925920529846     
  0.51050499997540633        1.6612498436773087        10.777286584561670     
  0.52722986142282280        1.7675129152604041        11.109406567654688     
  0.54450265284242128        1.8802787220488659        11.450404351162490     
  0.56234132519034907        1.9999068940130145        11.800388056599825     
  0.58076441752131214        2.1267720140921225        12.159454104410903     
  0.59979107625550943        2.2612635904847371        12.527685791712223     
  0.61944107507678148        2.4037859261723735        12.905151791019268     
  0.63973483548264820        2.5547578719312076        13.291904573379874     
  0.66069344800759611        2.7146124483265326        13.687978760971957     
  0.68233869414166970        2.8837963215395197        14.093389416090716     
  0.70469306896714701        3.0627691173866314        14.508130275561143     
  0.72777980453682412        3.2520025576056022        14.932171941968061     
  0.75162289401820559        3.4519794024508004        15.365460045697247     
  0.77624711662869184        3.6631921839231052        15.807913394616511     
  0.80167806338767922        3.8861417146179789        16.259422131275624     
  0.82794216371233420        4.1213353582763226        16.719845920736539     
  0.85506671288468339        4.3692850497351081        17.189012195515865     
  0.88307990041856288        4.6305050541667283        17.666714487569386     
  0.91201083935590987        4.9055094583337864        18.152710880694034     
  0.94188959652284143        5.1948093901294543        18.646722620071674     
  0.97274722377696521        5.4989099669720405        19.148432918812347     
   1.0046157902783952        5.8183069787109725        19.657486004136970     
   1.0375284158180127        6.1534833165948406        20.173486448115430     
   1.0715193052376064        6.5049051665380402        20.695998829470387     
   1.1066237839776665        6.8730179923590224        21.224547773685259     
   1.1428783347897717        7.2582423427668372        21.758618418317752     
   1.1803206356517297        7.6609695245207092        22.297657348821556     
   1.2189895989248667        8.0815571932048957        22.841074047122330     
   1.2589254117941673        8.5203249222260293        23.388242890508682     
   1.3001695780332905        8.9775498196749659        23.938505731932366     
   1.3427649611378640        9.4534622712744660        24.491175084463688     
   1.3867558288718886        9.9482418953866194        25.045537922367100     
   1.4321878992735437        10.462013802570549        25.600860099074879     
   1.4791083881682077        10.994845257032784        26.156391368345858     
   1.5275660582380728        11.546742840060313        26.711370979309081     
   1.5776112696993487        12.117650215748865        27.265033799211103     
   1.6292960326397226        12.707446596653675        27.816616899923826     
   1.6826740610704676        13.315946001079558        28.365366526141415     
   1.7378008287493756        13.942897384370038        28.910545345308147     
   1.7947336268325267        14.587985713648486        29.451439862357059     
   1.8535316234148116        15.250834039048048        29.987367867036649     
   1.9142559250210860        15.931006594745254        30.517685768713328     
   1.9769696401118610        16.628012940455886        31.041795663791010     
   2.0417379446695296        17.341313129006792        31.559151974963267     
   2.1086281499332897        18.070323858869255        32.069267499972703     
   2.1777097723531589        18.814425542972202        32.571718710819887     
   2.2490546058357812        19.572970197657934        33.066150152687477     
   2.3227367963571073        20.345290029310558        33.552277805250576     
   2.3988329190194908        21.130706572004154        34.029891287353145     
   2.4774220576332859        21.928540208462749        34.498854808816205     
   2.5585858869056457        22.738119889585203        34.959106799785772     
   2.6424087573219466        23.558792855498417        35.410658177704079     
   2.7289777828080410        24.389934154108236        35.853589243737346     
   2.8183829312644542        25.230955751741568        36.288045233249498     
   2.9107171180666058        26.081315034800593        36.714230577575151     
   3.0060763026282311        26.940522511223968        37.132401965830390     
   3.1045595881283559        27.808148535591087        37.542860324795306     
   3.2062693245054659        28.683828901336305        37.945941861125355     
   3.3113112148259112        29.567269167029163        38.342008332579205     
   3.4197944251370886        30.458247610183491        38.731436733057080     
   3.5318316979195701        31.356616730692142        39.114608589711764     
   3.6475394692560785        32.262303255848302        39.491899079088640     
   3.7670379898390891        33.175306629161739        39.863666173247083     
   3.8904514499428067        34.095695995043705        40.230240026325923     
   4.0179081084893999        35.023605720273181        40.591912807386848     
   4.1495404263436306        35.959229520447920        40.948929177026272     
   4.2854852039743951        36.902813284989620        41.301477593650823     
   4.4258837236262654        37.854646717461065        41.649682620931344     
   4.5708818961487507        38.815053928821698        41.993598391220964     
   4.7206304126359058        39.784383139743902        42.333203361014512     
   4.8752849010338641        40.762995664236541        42.668396474152793     
   5.0350060878790490        41.751254360595119        42.998994826651625     
   5.1999599653351609        42.749511747137063        43.324732903925863     
   5.3703179637025285        43.758097989263433        43.645263436873471     
   5.5462571295791090        44.777308971035630        43.960159897847525     
   5.7279603098582923        45.807394668516366        44.268920631036785     
   5.9156163417547400        46.848548043378415        44.570974584273579     
   6.1094202490557210        47.900894673440007        44.865688580944393     
   6.3095734448019334        48.964483331508596        45.152376041719670     
   6.5162839406084281        50.039277714845880        45.430307036596083     
   6.7297665628431789        51.125149514365162        45.698719518738820     
   6.9502431758879695        52.221872995059343        45.956831563431145     
   7.1779429127136192        53.329121236945355        46.203854408839980     
   7.4131024130091774        54.446464158974059        46.439006071136973     
   7.6559660691125631        55.573368417038800        46.661525285711981     
   7.9067862799982516        56.709199231796156        46.870685509740859     
   8.1658237135859242        57.853224163088740        47.065808710156738     
   8.4333475776427544        59.004618806180687        47.246278655977413     
   8.7096358995608067        60.162474341843492        47.411553435649118     
   8.9949758153003536        61.325806828825222        47.561176929063095     
   9.2896638677993657        62.493568084796017        47.694788980397007     
   9.5940063151593336        63.664657961956522        47.812134041828848     
   9.9083194489276778        64.837937787598577        47.913068089042035     
   10.232929922807541        66.012244709396739        47.997563646527631     
   10.568175092136585        67.186406661301532        48.065712802925169     
   10.914403364487566        68.359257649572328        48.117728142698169     
   11.271974561755105        69.529653050392483        48.153941568780574     
   11.641260294104914        70.696484610959558        48.174801039802560     
   12.022644346174131        71.858694854893969        48.180865293426862     
   12.416523075924113        73.015290609814755        48.172796672568246     
   12.823305826560219        74.165355399237384        48.151352212361431     
   13.243415351946650        75.308060471487991        48.117373181418913     
   13.677288255958494        76.442674273818724        48.071773300225999     
   14.125375446227547        77.568570218912512        48.015525881794751     
   14.588142602753489        78.685232631999526        47.949650154646029     
   15.066070661867425        79.792260808397216        47.875197035834169     
   15.559656316050750        80.889371152056455        47.793234622407581     
   16.069412530128773        81.976397404461039        47.704833664013385     
   16.595869074375607        83.053289008976805        47.611053268108961     
   17.139573075084254        84.120107687752508        47.512927073383324     
   17.701089583174213        85.177022336044175        47.411450107536858     
   18.281002161427427        86.224302362140151        47.307566523541432     
   18.879913490962934        87.262309619904968        47.202158384880349     
   19.498445997580454        88.291489095540001        47.096035645914299     
   20.137242498623884        89.312358520837776        46.989927449174232     
   20.796966871036961        90.325497092455038        46.884474837606582     
   21.478304741305344        91.331533481076249        46.780224956990629     
   22.181964198002195        92.331133316338764        46.677626802133162     
   22.908676527677734        93.324986333543194        46.577028540083703     
   23.659196974857590        94.313793366942178        46.478676424435150     
   24.434305526939724        95.298253372123341        46.382715296596167     
   25.234807724805755        96.279050656916937        46.289190652495030     
   26.061535499988963        97.256842496470853        46.198052236212931     
   26.915348039269166        98.232247303610222        46.109159105264339     
   27.797132677592899        99.205833520199434        46.022286095418103     
   28.707805820246907        100.17810938869414        45.937131595902898     
   29.648313895243422        101.14951375508157        45.853326528534083     
   30.619634336906770        102.12040804459359        45.770444406784911     
   31.622776601683793        103.09106953954817        45.688012333327009     
   32.658783217233584        104.06168607410167        45.605522777429826     
   33.728730865886888        105.03235224328803        45.522445957323022     
   34.833731503601179        106.00306720335388        45.438242637789678     
   35.974933515574236        106.97373411703647        45.352377140557827     
   37.153522909717260        107.94416127128186        45.264330355218959     
   38.370724549227880        108.91406486630297        45.173612532153797     
   39.627803425543952        109.88307344441483        45.079775636957621     
   40.926065973001094        110.85073389549287        44.982425048687752     
   42.266861426560304        111.81651894410493        44.881230392312460     
   43.651583224016612        112.77983599238082        44.775935309214482     
   45.081670454146028        113.74003716361932        44.666365988456583     
   46.558609352295910        114.69643036558881        44.552438305455183     
   48.083934844972873        115.64829117050125        44.434163443172181     
   49.659232145033627        116.59487529165847        44.311651903130425     
   51.286138399136505        117.53543142552130        44.185115848474751     
   52.966344389165776        118.46921422293377        44.054869757769836     
   54.701596289397159        119.39549715469724        43.921329404981122     
   56.493697481230257        120.31358504455143        43.785009216827078     
   58.344510427374480        121.22282605656343        43.646518092168442     
   60.255958607435780        122.12262294331924        43.506553798161072     
   62.230028516915951        123.01244338531617        43.365896083581944     
   64.268771731701975        123.89182927954617        43.225398670279866     
   66.374307040190899        124.76040486527977        43.085980298616057     
   68.548822645266171        125.61788360632119        42.948615011811263     
   70.794578438413808        126.46407378029869        42.814321867342478     
   73.113908348341766        127.29888275577248        42.684154261231171     
   75.509222766543417        128.12231996608114        42.559189043731280     
   77.983011052325892        128.93449861407422        42.440515593247909     
   80.537844119906680        129.73563616355958        42.329225000104401     
   83.176377110267126        130.52605369097179        42.226399493906747     
   85.901352150539608        131.30617418424347        42.133102228646464     
   88.715601203796126        132.07651988505739        42.050367519225858     
   91.622049012200009        132.83770877575392        41.979191602615465     
   94.623716136579304        133.59045031340824        41.920523977115835     
   97.723722095581067        134.33554051141326        41.875259354826206     
   100.92528860766845        135.07385646377446        41.844230245940004     
   104.23174293933047        135.80635039978588        41.828200179284259     
   107.64652136298349        136.53404334739599        41.827857551854002     
   111.17317272815920        137.25801847293883        41.843810091123828     
   114.81536214968828        137.97941415356871        41.876579907677360     
   118.57687481671609        138.69941682721222        41.926599112145340     
   122.46161992650489        139.41925365360800        41.994205969445318     
   126.47363474711510        140.14018500948444        42.079641564694249     
   130.61708881318418        140.86349683148151        42.183046958665457     
   134.89628825916532        141.59049281239848        42.304460816018775     
   139.31568029453035        142.32248644998921        42.443817496423485     
   143.87985782558451        143.06079294305718        42.600945606797936     
   148.59356422870076        143.80672092720189        42.775567021847543     
   153.46169827992941        144.56156404233269        42.967296389532635     
   158.48931924611142        145.32659232609529        43.175641147659491     
   163.68165214278085        146.10304343166169        43.400002087070298     
   169.04409316432648        146.89211367490458        43.639674505511479     
   174.58221529205039        147.69494892471698        43.893850003774595     
   180.30177408595699        148.51263536103940        44.161618981722100     
   186.20871366628674        149.34619013778391        44.441973895916270     
   192.30917289101595        150.19655200205105        44.733813342372770     
   198.60949173573715        151.06457193644937        45.035947027077391     
   205.11621788255667        151.95100390752253        45.347101683007693     
   211.83611352485022        152.85649581974477        45.665927985197570     
   218.77616239495541        153.78158079066060        45.991008504678767     
   225.94357702209783        154.72666887784465        46.320866727813858     
   233.34580622810020        155.69203940172201        46.653977149619209     
   240.99054286865956        156.67783401912450        46.988776428320726     
   248.88573182823905        157.68405071001010        47.323675563911834     
   257.03957827688646        158.71053884325613        47.657073036381732     
   265.46055619755390        159.75699548617322        47.987368810236411     
   274.15741719278833        160.82296311578457        48.312979081793671     
   283.13919957993789        161.90782887753417        48.632351615513684     
   292.41523778433367        163.01082551870775        48.943981486484226     
   301.99517204020162        164.13103409946427        49.246427019353355     
   311.88895840939387        165.26738855427936        49.538325690786003     
   322.10687912834345        166.41868214135076        49.818409744172229     
   332.65955329400470        167.58357577799569        50.085521253008494     
   343.55794789987465        168.76060821740609        50.338626364111875     
   354.81338923357566        169.94820797774364        50.576828454371558     
   366.43757464783334        171.14470689000024        50.799379945559870     
   378.44258471709355        172.34835508806907        51.005692540914502     
   390.84089579240208        173.55733722475958        51.195345674502377     
   403.64539296760529        174.76978966275638        51.368092999096781     
   416.86938347033549        175.98381836127453        51.523866779414661     
   430.52661049171053        177.19751715865615        51.662780103676695     
   444.63126746910882        178.40898613936028        51.785126875930580     
   459.19801283686854        179.61634977123893        51.891379602578922     
   474.24198526024480        180.81777450583218        51.982185037169103     
   489.77881936844614        182.01148555032273        52.058357795829615     
   505.82466200311427        183.19578254409637        52.120872100016406     
   522.39618899911977        184.36905390444096        52.170851841897289     
   539.51062251512792        185.52978964344356        52.209559199508746     
   557.18574893192988        186.67659250001154        52.238382052856146     
   575.43993733715729        187.80818727543436        52.258820467878600     
   594.29215861557270        188.92342830631378        52.272472522537903     
   613.76200516479457        190.02130505331908        52.281019748460800     
   633.86971125692696        191.10094582660921        52.286212453142817     
   654.63617406727542        192.16161970754672        52.289855172571478     
   676.08297539198190        193.20273676052852        52.293792483306184     
   698.23240407717185        194.22384665758082        52.299895377767555     
   721.10747918289974        195.22463586137437        52.310048378003685     
   744.73197390598887        196.20492352933806        52.326137532772037     
   769.13044028660988        197.16465631265149        52.350039411602395     
   794.32823472428129        198.10390222941066        52.383611178663529     
   820.35154432981847        199.02284379164567        52.428681799681272     
   847.22741414059635        199.92177056175649        52.487044407609460     
   874.98377522743635        200.80107130601263        52.560449827819909     
   903.64947372230142        201.66122590178364        52.650601241658833     
   933.25430079699152        202.50279714186652        52.759149948546039     
   963.82902362397056        203.32642256436338        52.887692171461616     
   995.40541735152749        204.13280642071535        53.037766838616200     
   1028.0162981264734        204.92271187827362        53.210854265194634     
   1061.6955571987253        205.69695353770820        53.408375653056417     
   1096.4781961431852        206.45639033003962        53.631693322886733     
   1132.4003632355577        207.20191884341469        53.882111592186341     
   1169.4993910198712        207.93446711622383        54.160878213332154     
   1207.8138351067810        208.65498892090443        54.469186288379923     
   1247.3835142429432        209.36445855188151        54.808176580997049     
   1288.2495516931349        210.06386612163334        55.178940150587565     
   1330.4544179780914        210.75421336077378        55.582521239028274     
   1374.0419750125150        211.43650991130320        56.019920346227778     
   1419.0575216890927        212.11177009668984        56.492097436730411     
   1465.5478409559114        212.78101014811548        56.999975225642018     
   1513.5612484362086        213.44524586292690        57.544442498105994     
   1563.1476426409538        214.10549066897511        58.126357422290376     
   1614.3585568264868        214.76275406694828        58.746550821278497     
   1667.2472125510626        215.41804042192339        59.405829374319190     
   1721.8685749860078        216.07234807503286        60.104978722553966     
   1778.2794100389228        216.72666874627475        60.844766458570312     
   1836.5383433483473        217.38198719998758        61.625944982931294     
   1896.7059212111465        218.03928114526943        62.449254214200515     
   1958.8446735059908        218.69952134457043        63.315424141942451     
   2023.0191786782718        219.36367190476918        64.225177214744974     
   2089.2961308540407        220.03269072617610        65.179230557523397     
   2157.7444091526668        220.70753008606809        66.178298014248512     
   2228.4351492703054        221.38913733449087        67.223092013844010     
   2301.4418174085090        222.07845568114342        68.314325258351559     
   2376.8402866248784        222.77642505315970        69.452712233617930     
   2454.7089156850311        223.48398300450677        70.638970543752137     
   2535.1286304979071        224.20206565851294        71.873822071481214     
   2618.1830082189863        224.93160866572126        73.157993967335344     
   2703.9583641088434        225.67354815982782        74.492219471360727     
   2792.5438412373392        226.42882169490855        75.877238571821891     
   2884.0315031266059        227.19836914747540        77.313798506144991     
   2978.5164294291912        227.98313356713101        78.802654110196471     
   3076.0968147407079        228.78406195972374        80.344568022909826     
   3176.8740706497724        229.60210598696406        81.940310754277974     
   3280.9529311311903        230.43822256644472        83.590660625840812     
   3388.4415613920273        231.29337435596830        85.296403594020646     
   3499.4516702835731        232.16853010601309        87.058332968004635     
   3614.0986263961354        233.06466486413308        88.877249035350118     
   3732.5015779572063        233.98276001510223        90.753958610100597     
   3854.7835766577209        234.92380314075425        92.689274519961018     
   3981.0717055349733        235.88878768375426        94.684015050986673     
   4111.4972110452254        236.87871240007863        96.739003370310002     
   4246.1956394631297        237.89458058580041        98.855066949652240     
   4385.3069777498558        238.93739906498428        101.03303701474762     
   4528.9757990362086        240.00817692714875        103.27374804833040     
   4677.3514128719808        241.10792400494086        105.57803737697462     
   4830.5880203977285        242.23764908545974        107.94674487479085     
   4988.8448746001213        243.39835785213279        110.38071281971288     
   5152.2864458175673        244.59105055823611        112.88078594076916     
   5321.0825926679418        245.81671943811330        115.44781169720989     
   5495.4087385762487        247.07634586788583        118.08264083253337     
   5675.4460540854716        248.37089729395203        120.78612824814196     
   5861.3816451402909        249.70132395480204        123.55913424240235     
   6053.4087475391361        251.06855542953051        126.40252616106062     
   6251.7269277568621        252.47349705479485        129.31718050408756     
   6456.5422903465560        253.91702626064836        132.30398553186510     
   6668.0676921362256        255.39998888446524        135.36384440999981     
   6886.5229634427624        256.92319553078346        138.49767892676783     
   7112.1351365332957        258.48741805300739        141.70643381013605     
   7345.1386815711512        260.09338624018670        144.99108166238159     
   7585.7757502918439        261.74178479812014        148.35262851954690     
   7834.2964276621196        263.43325071844151        151.79212003037875     
   8090.9589917838211        265.16837113173091        155.31064823521083     
   8356.0301823124828        266.94768174066962        158.90935890969826     
   8629.7854776697022        268.77166592652048        162.58945942182012     
   8912.5093813374588        270.64075461648628        166.35222703359071     
   9204.4957175317122        272.55532699062661        170.19901756204479     
   9506.0479365628198        274.51571209494392        174.13127429794250     
   9817.4794301998445        276.52219141208087        178.15053706595575     
   10139.113857366799        278.57500242302376        182.25845129757133     
   10471.285480509006        280.67434317269289        186.45677697824266     
   10814.339512979375        282.82037782982360        190.74739732408634     
   11168.632477805611        285.01324320783499        195.13232704113361     
   11534.532578210930        287.25305618916951        199.61372002219841     
   11912.420080273761        289.53992197179650        204.19387634301060     
   12302.687708123811        291.87394303406523        208.87524843034902     
   12705.741052085419        294.25522869379586        213.66044629030301     
   13121.998990192042        296.68390512023637        218.55224170404944     
   13551.894123510378        299.16012564401336        223.55357132103387     
   13995.873225726178        301.68408120105897        228.66753860439050     
   14454.397707459280        304.25601074206435        233.89741460992531     
   14927.944095789975        306.87621143950156        239.24663760700432     
   15417.004529495583        309.54504852959298        244.71881157626169     
   15922.087270511700        312.26296463654160        250.31770364414066     
   16443.717232149324        315.03048844036414        256.04724053706872     
   16982.436524617460        317.84824256720350        261.91150415777361     
   17538.805018417603        320.71695060118259        267.91472640228585     
   18113.400926196027        323.63744313890447        274.06128334819795     
   18706.821403658018        326.61066283066373        280.35568895253613     
   19319.683170169261        329.63766837543545        286.80258840125549     
   19952.623149688789        332.71963745893856        293.40675125202466     
   20606.299132700005        335.85786864478024        300.17306450808411     
   21281.390459827133        339.05378224729765        307.10652575398302     
   21978.598727848275        342.30892023076018        314.21223647459942     
   22698.648518838214        345.62494519277868        321.49539566757107     
   23442.288153199228        349.00363849995597        328.96129384687936     
   24210.290467361800        352.44689765098627        336.61530752237388     
   25003.453616964347        355.95673294674168        344.46289422714250     
   25822.601906345957        359.53526354855182        352.50958815227511     
   26668.586645214808        363.18471300528950        360.76099643718749     
   27542.287033381690        366.90740432731553        369.22279615352397     
   28444.611074479140        370.70575468134933        377.90073201200039     
   29376.496519615306        374.58226977522531        386.80061481443306     
   30338.911841942718        378.53953799582837        395.92832066766420     
   31332.857243155890        382.58022435760051        405.28979097208310     
   32359.365692962809        386.70706431331445        414.89103319476015     
   33419.504002611429        390.92285747361478        424.73812243574326     
   34514.373933585644        395.23046127747108        434.83720379549430     
   35645.113342624463        399.63278465234833        445.19449555158445     
   36812.897364253127        404.13278170080127        455.81629315327257     
   38018.939632056128        408.73344544941847        466.70897404320112     
   39264.493539960014        413.43780169661761        477.87900331587241     
   40550.853544838435        418.24890299775888        489.33294022254626     
   41879.356511791826        423.16982282921924        501.07744553139713     
   43251.383103500884        428.20364997739040        513.11928975005458     
   44668.359215096345        433.35348320373924        525.46536221468830     
   46131.757456037907        438.62242624287359        538.12268104553891     
   47643.098680541560        444.01358319658044        551.09840396299296     
   49203.953568145109        449.53005439274119        564.39983995094906     
   50815.944256056100        455.17493278337298        578.03446174534872     
   52480.746024977227        460.95130096039571        592.00991911527990     
   54200.089040162384        466.86222887060535        606.33405289232508     
   55975.760149511043        472.91077231227769        621.01490969091583     
   57809.604740571871        479.09997229449164        636.06075724877894     
   59703.528658383657        485.43285533619138        651.48010030251396     
   61659.500186148223        491.91243477506754        667.28169689937545     
   63679.552090791622        498.54171314625768        683.47457503311568     
   65765.783735542122        505.32368567774569        700.06804947978719     
   67920.363261718434        512.26134493317716        717.07173869938310     
   70145.529841997137        519.35768661402722        734.49558166177201     
   72443.596007499058        526.61571651197119        752.34985445104087     
   74816.950051115535        534.03845857962961        770.64518650176478     
   77268.058509570212        541.62896406420487        789.39257632402803     
   79799.468726797684        549.39032162482238        808.60340658171560     
   82413.811501300297        557.32566833144460        828.28945840047891     
   85113.803820237590        565.43820142204254        848.46292479796512     
   87902.251683088427        573.73119067610685        869.13642314884328     
   90782.053017818616        582.20799124739483        890.32300662039086     
   93756.200692588114        590.87205678778787        912.03617454036521     
   96827.785626124867        599.72695268769689        934.28988168642422     
   100000.00000000000        608.77636925700801        957.09854651484250     
