 ITERATION:            2           1
 PARAMETERS PART
 RATIO  0.515240490    
 TIME INTERVAL   9.99999997E-07
 MICELLE LENGTH   23.6498432    
 PLATAEU   217.050583    
 Le   1.10230054E-07
 Lp   8.70470913E-08
 DATA PART
   1.08392686E-02   5.45302271E-07   5.25183103E-04
   1.17489770E-02   6.40674443E-07   5.69260097E-04
   1.27350315E-02   7.52726521E-07   6.17036130E-04
   1.38038425E-02   8.84376163E-07   6.68821856E-04
   1.49623547E-02   1.03905086E-06   7.24953716E-04
   1.62181016E-02   1.22077813E-06   7.85796670E-04
   1.75792370E-02   1.43428861E-06   8.51745775E-04
   1.90546066E-02   1.68514089E-06   9.23229672E-04
   2.06538048E-02   1.97986765E-06   1.00071297E-03
   2.23872121E-02   2.32613911E-06   1.08469895E-03
   2.42660996E-02   2.73297223E-06   1.17573317E-03
   2.63026766E-02   3.21095831E-06   1.27440749E-03
   2.85101850E-02   3.77254423E-06   1.38136325E-03
   3.09029557E-02   4.43234558E-06   1.49729452E-03
   3.34965438E-02   5.20754247E-06   1.62295520E-03
   3.63078006E-02   6.11831547E-06   1.75916136E-03
   3.93550098E-02   7.18837964E-06   1.90679834E-03
   4.26579528E-02   8.44558599E-06   2.06682459E-03
   4.62380983E-02   9.92266359E-06   2.24027969E-03
   5.01187295E-02   1.16580713E-05   2.42829113E-03
   5.43250367E-02   1.36969766E-05   2.63207871E-03
   5.88843636E-02   1.60924537E-05   2.85296654E-03
   6.38263375E-02   1.89068596E-05   3.09238862E-03
   6.91831037E-02   2.22134731E-05   3.35190096E-03
   7.49894232E-02   2.60983252E-05   3.63318622E-03
   8.12830478E-02   3.06625407E-05   3.93807050E-03
   8.81048962E-02   3.60249251E-05   4.26853308E-03
   9.54992622E-02   4.23249985E-05   4.62671695E-03
  0.103514217       4.97267138E-05   5.01494529E-03
  0.112201847       5.84226545E-05   5.43573545E-03
  0.121618591       6.86390558E-05   5.89181390E-03
  0.131825671       8.06417156E-05   6.38613617E-03
  0.142889410       9.47427980E-05   6.92190183E-03
  0.154881656       1.11308931E-04   7.50257540E-03
  0.167880416       1.30770946E-04   8.13191384E-03
  0.181970075       1.53634595E-04   8.81397817E-03
  0.197242275       1.80494098E-04   9.55317356E-03
  0.213796198       2.12047118E-04   1.03542591E-02
  0.231739476       2.49113073E-04   1.12223933E-02
  0.251188636       2.92653858E-04   1.21631473E-02
  0.272270143       3.43799067E-04   1.31825553E-02
  0.295120955       4.03874554E-04   1.42871346E-02
  0.319889516       4.74436471E-04   1.54839261E-02
  0.346736878       5.57310996E-04   1.67805403E-02
  0.375837415       6.54640957E-04   1.81851815E-02
  0.407380283       7.68939732E-04   1.97067000E-02
  0.441570461       9.03154432E-04   2.13546287E-02
  0.478630096       1.06074009E-03   2.31392328E-02
  0.518800020       1.24574534E-03   2.50715315E-02
  0.562341332       1.46291242E-03   2.71633640E-02
  0.609536886       1.71779154E-03   2.94273961E-02
  0.660693467       2.01687799E-03   3.18771712E-02
  0.716143429       2.36776215E-03   3.45271230E-02
  0.776247144       2.77931080E-03   3.73925827E-02
  0.841395140       3.26186884E-03   4.04897854E-02
  0.912010849       3.82749271E-03   4.38358299E-02
  0.988553107       4.49020835E-03   4.74486165E-02
   1.07151937       5.26631437E-03   5.13467938E-02
   1.16144860       6.17469940E-03   5.55495434E-02
   1.25892544       7.23721692E-03   6.00764789E-02
   1.36458313       8.47906433E-03   6.49472922E-02
   1.47910845       9.92921740E-03   7.01814219E-02
   1.60324550       1.16208494E-02   7.57975653E-02
   1.73780084       1.35917654E-02   8.18130895E-02
   1.88364911       1.58848371E-02   8.82432386E-02
   2.04173803       1.85483228E-02   9.51002017E-02
   2.21309471       2.16361638E-02  0.102391921    
   2.39883280       2.52080522E-02  0.110120773    
   2.60015965       2.93293465E-02  0.118281990    
   2.81838298       3.40705551E-02  0.126861736    
   3.05492115       3.95065546E-02  0.135835320    
   3.31131101       4.57151048E-02  0.145164967    
   3.58921933       5.27749099E-02  0.154797867    
   3.89045167       6.07627258E-02  0.164664313    
   4.21696520       6.97498769E-02  0.174676314    
   4.57088232       7.97979608E-02  0.184726968    
   4.95450163       9.09538046E-02  0.194690749    
   5.37031841      0.103244312      0.204425484    
   5.82103205      0.116670921      0.213775456    
   6.30957365      0.131205186      0.222576916    
   6.83911705      0.146785006      0.230664641    
   7.41310263      0.163313180      0.237880588    
   8.03526211      0.180658385      0.244082510    
   8.70963573      0.198658466      0.249153242    
   9.44060898      0.217127204      0.253008395    
   10.2329292      0.235862792      0.255602211    
   11.0917473      0.254658252      0.256930649    
   12.0226460      0.273312092      0.257031083    
   13.0316677      0.291638315      0.255979031    
   14.1253748      0.309475303      0.253882170    
   15.3108768      0.326691478      0.250872254    
   16.5958710      0.343188733      0.247096270    
   17.9887085      0.358903170      0.242707342    
   19.4984436      0.373803318      0.237856850    
   21.1348934      0.387886405      0.232687324    
   22.9086781      0.401173174      0.227327704    
   24.8313293      0.413702875      0.221890047    
   26.9153519      0.425527334      0.216468021    
   29.1742725      0.436705917      0.211137220    
   31.6227760      0.447301447      0.205956236    
   34.2767754      0.457376748      0.200969085    
   37.1535263      0.466992795      0.196207225    
   40.2717056      0.476207137      0.191692308    
   43.6515808      0.485074162      0.187438056    
   47.3151321      0.493645042      0.183451906    
   51.2861443      0.501968145      0.179735720    
   55.5904274      0.510089874      0.176286265    
   60.2559547      0.518054366      0.173094764    
   65.3130646      0.525903523      0.170146748    
   70.7945786      0.533675790      0.167421639    
   76.7361450      0.541405261      0.164892584    
   83.1763916      0.549119771      0.162527174    
   90.1571198      0.556839526      0.160288364    
   97.7237244      0.564575791      0.158136293    
   105.925392      0.572329760      0.156030700    
   114.815346      0.580092907      0.153933495    
   124.451469      0.587847531      0.151811317    
   134.896317      0.595568538      0.149638236    
   146.217697      0.603225589      0.147397280    
   158.489334      0.610786438      0.145081565    
   171.790894      0.618219435      0.142694309    
   186.208710      0.625496805      0.140247911    
   201.836670      0.632596791      0.137762234    
   218.776123      0.639505446      0.135262340    
   237.137375      0.646217823      0.132775724    
   257.039642      0.652737677      0.130329803    
   278.612061      0.659076929      0.127949163    
   301.995178      0.665254533      0.125653461    
   327.340759      0.671294272      0.123455822    
   354.813354      0.677222967      0.121361695    
   384.591827      0.683067560      0.119368434    
   416.869507      0.688853443      0.117465697    
   451.855927      0.694601893      0.115636274    
   489.778870      0.700328052      0.113857523    
   530.884338      0.706040382      0.112103440    
   575.439941      0.711739063      0.110346720    
   623.734924      0.717416584      0.108561285    
   676.082886      0.723058045      0.106724471    
   732.824524      0.728643179      0.104818881    
   794.328430      0.734147191      0.102833971    
   860.993652      0.739543915      0.100766614    
   933.254333      0.744807780       9.86211225E-02
   1011.57971      0.749915481       9.64085534E-02
   1096.47815      0.754848123       9.41453725E-02
   1188.50232      0.759591997       9.18517932E-02
   1288.25000      0.764139116       8.95500109E-02
   1396.36829      0.768486798       8.72626007E-02
   1513.56152      0.772637427       8.50110874E-02
   1640.58948      0.776597083       8.28150585E-02
   1778.27942      0.780374944       8.06916580E-02
   1927.52527      0.783981740       7.86554739E-02
   2089.29590      0.787429929       7.67187625E-02
   2264.64429      0.790732145       7.48917609E-02
   2454.70947      0.793901801       7.31830150E-02
   2660.72485      0.796952367       7.15998560E-02
   2884.03174      0.799898267       7.01483190E-02
   3126.08032      0.802754223       6.88333288E-02
   3388.44141      0.805535913       6.76583946E-02
   3672.82349      0.808259666       6.66253120E-02
   3981.07080      0.810942590       6.57338947E-02
   4315.19043      0.813601732       6.49815574E-02
   4677.35205      0.816254139       6.43631890E-02
   5069.90625      0.818915665       6.38710931E-02
   5495.40869      0.821600914       6.34950921E-02
   5956.62256      0.824322045       6.32229820E-02
   6456.54150      0.827088475       6.30411282E-02
   6998.42041      0.829906940       6.29351959E-02
   7585.77783      0.832781076       6.28910735E-02
   8222.42578      0.835711837       6.28956482E-02
   8912.51074      0.838697970       6.29375577E-02
   9660.51172      0.841736853       6.30076081E-02
   10471.2852      0.844825745       6.30989820E-02
   11350.1035      0.847962141       6.32069483E-02
   12302.6924      0.851145089       6.33284152E-02
   13335.2139      0.854375422       6.34609833E-02
   14454.3926      0.857656062       6.36021122E-02
   15667.5166      0.860992074       6.37480766E-02
   16982.4375      0.864389420       6.38929531E-02
   18407.7148      0.867855370       6.40281141E-02
   19952.6328      0.871396422       6.41417652E-02
   21627.1875      0.875017524       6.42188787E-02
   23442.2812      0.878721356       6.42416626E-02
   25409.7402      0.882506609       6.41901121E-02
   27542.2910      0.886368334       6.40430525E-02
   29853.8203      0.890296578       6.37791678E-02
   32359.3828      0.894276857       6.33782372E-02
   35075.1953      0.898290336       6.28222302E-02
   38018.9336      0.902314425       6.20963052E-02
   41209.7773      0.906323254       6.11897111E-02
   44668.3672      0.910289109       6.00963980E-02
   48417.2305      0.914182782       5.88153712E-02
   52480.7773      0.917975545       5.73509075E-02
   56885.3086      0.921639264       5.57125248E-02
   61659.4961      0.925148487       5.39145172E-02
   66834.3594      0.928480864       5.19754216E-02
   72443.6172      0.931617856       4.99171987E-02
   78523.5625      0.934545636       4.77642976E-02
   85113.7734      0.937255323       4.55424041E-02
   92257.1719      0.939743042       4.32774834E-02
   100000.000      0.942009091       4.09947485E-02
