          51   5.0999999871237378E-005  0.89986214468895764     
          53   5.2999999866187864E-005  0.89912681292008845     
          54   5.3999999863663106E-005  0.89876581055733040     
          55   5.4999999861138349E-005  0.89840844062689162     
          56   5.5999999858613592E-005  0.89805493079470422     
          58   5.7999999853564077E-005  0.89735608635057962     
          59   5.8999999851039320E-005  0.89701214818197073     
          60   5.9999999848514562E-005  0.89667149641702604     
          62   6.1999999843465048E-005  0.89600202350167224     
          63   6.2999999840940291E-005  0.89567167079913945     
          65   6.4999999835890776E-005  0.89501806258607441     
          66   6.5999999833366019E-005  0.89467370681165792     
          68   6.7999999828316504E-005  0.89403631579335419     
          69   6.8999999825791747E-005  0.89372177988115264     
          71   7.0999999820742232E-005  0.89310209019913789     
          73   7.2999999815692718E-005  0.89249153138343262     
          74   7.3999999813167960E-005  0.89218961199295010     
          76   7.5999999808118446E-005  0.89157083342747279     
          78   7.7999999803068931E-005  0.89094162884742500     
          79   7.8999999800544174E-005  0.89065298121314340     
          81   8.0999999795494659E-005  0.89006201697656873     
          83   8.2999999790445145E-005  0.88950076612863882     
          85   8.4999999785395630E-005  0.88894721396125054     
          87   8.6999999780346116E-005  0.88840187070969501     
          89   8.8999999775296601E-005  0.88786109376755906     
          91   9.0999999770247086E-005  0.88732623245113584     
          93   9.2999999765197572E-005  0.88679767015177791     
          95   9.4999999760148057E-005  0.88627621692425673     
          98   9.7999999752573785E-005  0.88551158343626546     
         100   9.9999999747524271E-005  0.88494737610482566     
         101   1.0099999974499951E-004  0.88470034415163135     
         104   1.0399999973742524E-004  0.88397187083367024     
         106   1.0599999973237573E-004  0.88347510440204435     
         109   1.0899999972480146E-004  0.88277180960948165     
         111   1.1099999971975194E-004  0.88230992833868338     
         114   1.1399999971217767E-004  0.88162395553292605     
         116   1.1599999970712815E-004  0.88117243587462035     
         119   1.1899999969955388E-004  0.88050367777282135     
         122   1.2199999969197961E-004  0.87982627310958195     
         125   1.2499999968440534E-004  0.87918180391072831     
         128   1.2799999967683107E-004  0.87854873186459725     
         131   1.3099999966925679E-004  0.87792747490122724     
         134   1.3399999966168252E-004  0.87731394669189866     
         137   1.3699999965410825E-004  0.87670619830215446     
         140   1.3999999964653398E-004  0.87608927176839402     
         143   1.4299999963895971E-004  0.87550315071971807     
         146   1.4599999963138544E-004  0.87492811323165731     
         150   1.4999999962128641E-004  0.87417403327965704     
         153   1.5299999961371213E-004  0.87361957653699163     
         157   1.5699999960361311E-004  0.87289342008252191     
         161   1.6099999959351408E-004  0.87217813022016644     
         164   1.6399999958593980E-004  0.87165027015813235     
         168   1.6799999957584077E-004  0.87095807631553235     
         172   1.7199999956574175E-004  0.87027931740622866     
         176   1.7599999955564272E-004  0.86961104208082307     
         180   1.7999999954554369E-004  0.86895494447399590     
         184   1.8399999953544466E-004  0.86831231773198936     
         189   1.8899999952282087E-004  0.86752130379658710     
         193   1.9299999951272184E-004  0.86690144874523489     
         197   1.9699999950262281E-004  0.86629033248573561     
         202   2.0199999948999903E-004  0.86553756776922197     
         207   2.0699999947737524E-004  0.86479619161861221     
         212   2.1199999946475145E-004  0.86407414377320479     
         216   2.1599999945465242E-004  0.86350439668596890     
         221   2.2099999944202864E-004  0.86280595011481298     
         227   2.2699999942688009E-004  0.86197960337815882     
         232   2.3199999941425631E-004  0.86128166110097804     
         237   2.3699999940163252E-004  0.86061729255814223     
         243   2.4299999938648398E-004  0.85983187774596970     
         248   2.4799999937386019E-004  0.85916951210802428     
         254   2.5399999935871165E-004  0.85841458935362347     
         260   2.5999999934356310E-004  0.85766777742832279     
         266   2.6599999932841456E-004  0.85693045269637336     
         272   2.7199999931326602E-004  0.85620963424519592     
         279   2.7899999929559272E-004  0.85538743324826239     
         285   2.8499999928044417E-004  0.85469923759019251     
         292   2.9199999926277087E-004  0.85390893647152133     
         299   2.9899999924509757E-004  0.85312768262651817     
         306   3.0599999922742427E-004  0.85235335203604801     
         313   3.1299999920975097E-004  0.85159630048720703     
         320   3.1999999919207767E-004  0.85084214277652237     
         327   3.2699999917440437E-004  0.85012459091206150     
         335   3.3499999915420631E-004  0.84931689308155023     
         343   3.4299999913400825E-004  0.84851965271693108     
         351   3.5099999911381019E-004  0.84773813467685333     
         359   3.5899999909361213E-004  0.84696738789418846     
         367   3.6699999907341407E-004  0.84620914399674596     
         376   3.7599999905069126E-004  0.84536420275827273     
         384   3.8399999903049320E-004  0.84462805525952356     
         393   3.9299999900777038E-004  0.84380939798125365     
         403   4.0299999898252281E-004  0.84291019973689196     
         412   4.1199999895980000E-004  0.84211504617699295     
         422   4.2199999893455242E-004  0.84124597583024030     
         431   4.3099999891182961E-004  0.84047583118537972     
         441   4.4099999888658203E-004  0.83961536044678864     
         452   4.5199999885880970E-004  0.83871280764226641     
         462   4.6199999883356213E-004  0.83790566655805054     
         473   4.7299999880578980E-004  0.83702451633984642     
         484   4.8399999877801747E-004  0.83615676727736798     
         495   4.9499999875024514E-004  0.83530159808530169     
         507   5.0699999871994805E-004  0.83437319385559794     
         518   5.1799999869217572E-004  0.83353744981563338     
         531   5.3099999865935388E-004  0.83257923961737179     
         543   5.4299999862905679E-004  0.83171235071466210     
         556   5.5599999859623495E-004  0.83079169206446102     
         568   5.6799999856593786E-004  0.82995144450224356     
         582   5.8199999853059126E-004  0.82897976279741059     
         595   5.9499999849776941E-004  0.82809668348497456     
         609   6.0899999846242281E-004  0.82714474542974403     
         623   6.2299999842707621E-004  0.82623039880936078     
         638   6.3799999838920485E-004  0.82527097139984440     
         653   6.5299999835133349E-004  0.82433755798958841     
         668   6.6799999831346213E-004  0.82342159309498175     
         683   6.8299999827559077E-004  0.82251720011580920     
         699   6.9899999823519465E-004  0.82156143830038486     
         716   7.1599999819227378E-004  0.82056955699597567     
         732   7.3199999815187766E-004  0.81964686656428620     
         749   7.4899999810895679E-004  0.81865619963632796     
         767   7.6699999806351116E-004  0.81764754625519032     
         785   7.8499999801806553E-004  0.81666041924221777     
         803   8.0299999797261989E-004  0.81569540059623269     
         821   8.2099999792717426E-004  0.81474262826215949     
         841   8.4099999787667912E-004  0.81369208748789146     
         860   8.5999999782870873E-004  0.81269925344369787     
         880   8.7999999777821358E-004  0.81162272009009728     
         901   9.0099999772519368E-004  0.81056738791276628     
         922   9.2199999767217378E-004  0.80952558777019445     
         943   9.4299999761915387E-004  0.80841286497671716     
         965   9.6499999756360921E-004  0.80733529084406896     
         988   9.8799999750553980E-004  0.80622640819056623     
        1001   1.0009999974727180E-003  0.80560762172209277     
        1025   1.0249999974121238E-003  0.80448453834697076     
        1049   1.0489999973515296E-003  0.80338485349891353     
        1073   1.0729999972909354E-003  0.80230870075038296     
        1098   1.0979999972278165E-003  0.80120713661842913     
        1124   1.1239999971621728E-003  0.80008455187195804     
        1150   1.1499999970965291E-003  0.79895516617572759     
        1177   1.1769999970283607E-003  0.79782143662498572     
        1204   1.2039999969601922E-003  0.79670636589184618     
        1232   1.2319999968894990E-003  0.79557743285698246     
        1261   1.2609999968162811E-003  0.79442965811381072     
        1290   1.2899999967430631E-003  0.79331051428353128     
        1320   1.3199999966673204E-003  0.79219066062773669     
        1351   1.3509999965890529E-003  0.79103227529800735     
        1382   1.3819999965107854E-003  0.78990442955668672     
        1414   1.4139999964299932E-003  0.78874587760282733     
        1447   1.4469999963466762E-003  0.78759202147045726     
        1481   1.4809999962608345E-003  0.78642349478368911     
        1516   1.5159999961724679E-003  0.78519627903565392     
        1551   1.5509999960841014E-003  0.78399647123012572     
        1587   1.5869999959932102E-003  0.78278955392103211     
        1624   1.6239999958997942E-003  0.78155036978049663     
        1662   1.6619999958038534E-003  0.78030383605448950     
        1700   1.6999999957079126E-003  0.77909277894758200     
        1740   1.7399999956069223E-003  0.77784948974266144     
        1781   1.7809999955034073E-003  0.77661874100508432     
        1822   1.8219999953998922E-003  0.77541399059808824     
        1864   1.8639999952938524E-003  0.77421111026769529     
        1908   1.9079999951827631E-003  0.77298300529393249     
        1952   1.9519999950716738E-003  0.77175560311839064     
        1998   1.9979999949555349E-003  0.77048058686797083     
        2044   2.0439999948393961E-003  0.76922468813050449     
        2092   2.0919999947182077E-003  0.76793933223854038     
        2141   2.1409999945944946E-003  0.76665046231477973     
        2190   2.1899999944707815E-003  0.76537260866330004     
        2241   2.2409999943420189E-003  0.76409720514530710     
        2294   2.2939999942082068E-003  0.76279949419498994     
        2347   2.3469999940743946E-003  0.76152890138199059     
        2402   2.4019999939355330E-003  0.76012603396107803     
        2458   2.4579999937941466E-003  0.75882827332309821     
        2515   2.5149999936502354E-003  0.75753073084915434     
        2573   2.5729999935037995E-003  0.75619816570150789     
        2633   2.6329999933523140E-003  0.75485259940561678     
        2695   2.6949999931957791E-003  0.75352417215253342     
        2757   2.7569999930392441E-003  0.75221514299126502     
        2822   2.8219999928751349E-003  0.75078012023246654     
        2887   2.8869999927110257E-003  0.74944274374107367     
        2955   2.9549999925393422E-003  0.74809838620280733     
        3023   3.0229999923676587E-003  0.74677433736561771     
        3094   3.0939999921884009E-003  0.74540670390353736     
        3166   3.1659999920066184E-003  0.74404437257039568     
        3240   3.2399999918197864E-003  0.74266608643334475     
        3315   3.3149999916304296E-003  0.74131864328717711     
        3392   3.3919999914360233E-003  0.73996787024900901     
        3471   3.4709999912365674E-003  0.73857539643285897     
        3552   3.5519999910320621E-003  0.73719926852720186     
        3635   3.6349999908225072E-003  0.73580185259123665     
        3720   3.7199999906079029E-003  0.73443049198349586     
        3806   3.8059999903907737E-003  0.73308194519910841     
        3895   3.8949999901660703E-003  0.73167820583236032     
        3986   3.9859999899363174E-003  0.73025000488173730     
        4078   4.0779999897040398E-003  0.72886155804482655     
        4173   4.1729999894641878E-003  0.72747567694108095     
        4271   4.2709999892167616E-003  0.72606063671187626     
        4370   4.3699999889668106E-003  0.72464461164508565     
        4472   4.4719999887092854E-003  0.72320606894033457     
        4576   4.5759999884467106E-003  0.72175514399488472     
        4683   4.6829999881765616E-003  0.72025503476967623     
        4792   4.7919999879013631E-003  0.71877460041631591     
        4903   4.9029999876211150E-003  0.71731758230288745     
        5017   5.0169999873332927E-003  0.71582984121643078     
        5134   5.1339999870378961E-003  0.71435109470900904     
        5254   5.2539999867349252E-003  0.71286782972507678     
        5376   5.3759999864269048E-003  0.71135026952666447     
        5501   5.5009999861113101E-003  0.70988295332748264     
        5630   5.6299999857856164E-003  0.70840906743553489     
        5761   5.7609999854548732E-003  0.70689471771065560     
        5895   5.8949999851165558E-003  0.70535228762981383     
        6032   6.0319999847706640E-003  0.70378412789672196     
        6173   6.1729999844146732E-003  0.70211652937141134     
        6316   6.3159999840536329E-003  0.70056842743385461     
        6463   6.4629999836824936E-003  0.69901683918969204     
        6614   6.6139999833012553E-003  0.69735345253587600     
        6768   6.7679999829124426E-003  0.69574835580138905     
        6926   6.9259999825135310E-003  0.69416033242976705     
        7087   7.0869999821070451E-003  0.69244698001126093     
        7252   7.2519999816904601E-003  0.69081556978664616     
        7421   7.4209999812637761E-003  0.68916715789716809     
        7594   7.5939999808269931E-003  0.68752115185614582     
        7771   7.7709999803801111E-003  0.68582588195547123     
        7952   7.9519999799231300E-003  0.68413195934290782     
        8137   8.1369999794560499E-003  0.68226201180441004     
        8326   8.3259999789788708E-003  0.68055532854881706     
        8520   8.5199999784890679E-003  0.67882847520051337     
        8719   8.7189999779866412E-003  0.67708163392475429     
        8922   8.9219999774741154E-003  0.67528388620786628     
        9130   9.1299999769489659E-003  0.67345758446602555     
        9342   9.3419999764137174E-003  0.67161527003236321     
        9560   9.5599999758633203E-003  0.66983755203242190     
        9783   9.7829999753002994E-003  0.66808101321109958     
       10001   1.0000999974749902E-002  0.66640824023481049     
       10234   1.0233999974161634E-002  0.66464540114525472     
       10473   1.0472999973558217E-002  0.66286153268670722     
       10717   1.0716999972942176E-002  0.66108165139328035     
       10966   1.0965999972313512E-002  0.65931910087945145     
       11222   1.1221999971667174E-002  0.65748840452981605     
       11483   1.1482999971008212E-002  0.65552700973347489     
       11751   1.1750999970331577E-002  0.65366151674992301     
       12024   1.2023999969642318E-002  0.65186246299948403     
       12304   1.2303999968935386E-002  0.65005367900796729     
       12591   1.2590999968210781E-002  0.64825437130066521     
       12884   1.2883999967471027E-002  0.64644045947844386     
       13184   1.3183999966713600E-002  0.64464802448239045     
       13491   1.3490999965938499E-002  0.64288235851095266     
       13806   1.3805999965143201E-002  0.64110450533612462     
       14127   1.4126999964332754E-002  0.63935337170097195     
       14456   1.4455999963502109E-002  0.63758703892884672     
       14793   1.4792999962651265E-002  0.63568270779941161     
       15138   1.5137999961780224E-002  0.63376476796072911     
       15490   1.5489999960891510E-002  0.63191640260257498     
       15851   1.5850999959980072E-002  0.63003515067905713     
       16220   1.6219999959048437E-002  0.62820049277930978     
       16598   1.6597999958094078E-002  0.62621826881077425     
       16985   1.6984999957116997E-002  0.62422119271509113     
       17380   1.7379999956119718E-002  0.62229040459381635     
       17785   1.7784999955097192E-002  0.62035156294869154     
       18199   1.8198999954051942E-002  0.61819923075454519     
       18623   1.8622999952981445E-002  0.61622885130797866     
       19057   1.9056999951885700E-002  0.61422452942723982     
       19501   1.9500999950764708E-002  0.61208044828396491     
       19955   1.9954999949618468E-002  0.60989179176959751     
       20420   2.0419999948444456E-002  0.60770136928256335     
       20896   2.0895999947242672E-002  0.60564378217118275     
       21382   2.1381999946015640E-002  0.60363223532170718     
       21880   2.1879999944758310E-002  0.60161905671204252     
       22390   2.2389999943470684E-002  0.59960478627836755     
       22911   2.2910999942155286E-002  0.59747318496583202     
       23445   2.3444999940807065E-002  0.59526232554063796     
       23991   2.3990999939428548E-002  0.59317425206808283     
       24550   2.4549999938017208E-002  0.59101558452550773     
       25122   2.5121999936573047E-002  0.58883089651589848     
       25707   2.5706999935096064E-002  0.58672624998893730     
       26306   2.6305999933583735E-002  0.58449025568071522     
       26919   2.6918999932036058E-002  0.58234811246413110     
       27546   2.7545999930453036E-002  0.58022626254939091     
       28187   2.8186999928834666E-002  0.57790755635536695     
       28844   2.8843999927175901E-002  0.57559394233847716     
       29516   2.9515999925479264E-002  0.57337272740320733     
       30203   3.0202999923744756E-002  0.57110596565898231     
       30907   3.0906999921967326E-002  0.56888222571975033     
       31626   3.1625999920152026E-002  0.56644152634893452     
       32363   3.2362999918291280E-002  0.56391246590098609     
       33117   3.3116999916387613E-002  0.56123367134027979     
       33888   3.3887999914441025E-002  0.55878947976322224     
       34678   3.4677999912446467E-002  0.55641590754735193     
       35485   3.5484999910408987E-002  0.55380954351211154     
       36312   3.6311999908321013E-002  0.55130758587420536     
       37158   3.7157999906185069E-002  0.54887798292581880     
       38023   3.8022999904001153E-002  0.54631978790021263     
       38909   3.8908999901764219E-002  0.54360588220665329     
       39815   3.9814999899476788E-002  0.54104525015197302     
       40743   4.0742999897133814E-002  0.53873608819794605     
       41692   4.1691999894737819E-002  0.53631869473680693     
       42663   4.2662999892286280E-002  0.53375920530059695     
       43656   4.3655999889779196E-002  0.53128206140407674     
       44673   4.4672999887211517E-002  0.52850707667482988     
       45714   4.5713999884583245E-002  0.52613200530663062     
       46779   4.6778999881894379E-002  0.52365648880440874     
       47868   4.7867999879144918E-002  0.52129949514629537     
       48983   4.8982999876329814E-002  0.51861641227015987     
       50124   5.0123999873449065E-002  0.51586926239658659     
       51292   5.1291999870500149E-002  0.51321755221135623     
       52486   5.2485999867485589E-002  0.51049392415066652     
       53709   5.3708999864397811E-002  0.50789866315405563     
       54960   5.4959999861239339E-002  0.50528833726488287     
       56240   5.6239999858007650E-002  0.50235121454903719     
       57550   5.7549999854700218E-002  0.49945585414332622     
       58891   5.8890999851314518E-002  0.49682787880313850     
       60262   6.0261999847853076E-002  0.49432571368039019     
       61666   6.1665999844308317E-002  0.49170938943459047     
       63103   6.3102999840680241E-002  0.48912327707309777     
       64572   6.4571999836971372E-002  0.48643493367691998     
       66076   6.6075999833174137E-002  0.48371258025850528     
       67616   6.7615999829286011E-002  0.48080175283109516     
       69191   6.9190999825309518E-002  0.47821645581915445     
       70802   7.0801999821242134E-002  0.47532796541805861     
       72451   7.2450999817078809E-002  0.47242032689484448     
       74139   7.4138999812817019E-002  0.46974822103477321     
       75866   7.5865999808456763E-002  0.46715354202659043     
       77633   7.7632999803995517E-002  0.46432101866157577     
       79441   7.9440999799430756E-002  0.46129290120715971     
       81292   8.1291999794757430E-002  0.45833168353650622     
       83185   8.3184999789978065E-002  0.45508164090286207     
       85123   8.5122999785085085E-002  0.45188180600782574     
       87106   8.7105999780078491E-002  0.44912549378268368     
       89135   8.9134999774955759E-002  0.44631089883296537     
       91211   9.1210999769714363E-002  0.44319478197587481     
       93335   9.3334999764351778E-002  0.43992235702427201     
       95509   9.5508999758862956E-002  0.43668174776919200     
       97734   9.7733999753245371E-002  0.43354351214492320     
      100001  0.10000099974752175       0.43055028603927764     
      102331  0.10233099974163906       0.42700855973308510     
      104714  0.10471399973562256       0.42358012663221767     
      107154  0.10715399972946216       0.41993827600132094     
      109649  0.10964899972316289       0.41660098678968266     
      112203  0.11220299971671466       0.41323613759130434     
      114817  0.11481699971011494       0.41006760125013614     
      117491  0.11749099970336374       0.40660828099233814     
      120228  0.12022799969645348       0.40303936299180576     
      123029  0.12302899968938164       0.39986391123378551     
      125894  0.12589399968214821       0.39635415632938092     
      128827  0.12882699967474309       0.39279636762492054     
      131827  0.13182699966716882       0.38933366113061418     
      134898  0.13489799965941529       0.38607843862025826     
      138040  0.13803999965148250       0.38234246856799464     
      141256  0.14125599964336288       0.37870960759191813     
      144546  0.14454599963505643       0.37495710879903971     
      147913  0.14791299962655557       0.37148234270314723     
      151358  0.15135799961785779       0.36761197391046657     
      154884  0.15488399960895549       0.36434477669988502     
      158491  0.15849099959984869       0.36142047008157507     
      162183  0.16218299959052729       0.35807268047371960     
      165961  0.16596099958098876       0.35383400766077161     
      169827  0.16982699957122804       0.35041447602054199     
      173782  0.17378199956124263       0.34680907399111616     
      177830  0.17782999955102241       0.34348141676336125     
      181972  0.18197199954056487       0.34015334140773307     
      186211  0.18621099952986242       0.33707586915545978     
      190548  0.19054799951891255       0.33383224392249705     
      194987  0.19498699950770515       0.33036874758947921     
      199529  0.19952899949623770       0.32738112128060914     
      204176  0.20417599948450516       0.32394238874780762     
      208932  0.20893199947249741       0.32026061271140294     
      213799  0.21379899946020942       0.31639642773356891     
      214057  0.21405699945955803       0.31620923582205024     
      224136  0.22413599943411100       0.30901115931161727     
      234078  0.23407799940900986       0.30197688289776442     
      243248  0.24324799938585784       0.29510323585978948     
      252672  0.25267199936206453       0.28838616736674089     
      263154  0.26315399933560002       0.28182128112457755     
      273421  0.27342099930967834       0.27540628722615940     
      283437  0.28343699928439037       0.26913746328744714     
      294145  0.29414499925735527       0.26301134904997009     
      304586  0.30458599923099428       0.25702413999986301     
      314937  0.31493699920486051       0.25117370708784437     
      324982  0.32498199917949933       0.24545608116569786     
      335091  0.33509099915397655       0.23986914074693208     
      345104  0.34510399912869616       0.23440895372362616     
      356045  0.35604499910107279       0.22907327405704339     
      365912  0.36591199907616101       0.22385862924491912     
      377843  0.37784299904603813       0.21876317412615556     
      388452  0.38845199901925298       0.21378343238056979     
      400072  0.40007199898991530       0.20891734088196640     
      410639  0.41063899896323619       0.20416178342557020     
      420862  0.42086199893742560       0.19951422701337804     
      431779  0.43177899890986282       0.19497294343713806     
      441614  0.44161399888503183       0.19053473020981621     
      451897  0.45189699885906975       0.18619749516971373     
      461006  0.46100599883607174       0.18195917404041043     
      471473  0.47147299880964511       0.17781744711302233     
      482079  0.48207899878286753       0.17376963551882951     
      494387  0.49438699875179282       0.16981434030306147     
      504137  0.50413699872717643       0.16594871183508045     
      513964  0.51396399870236564       0.16217146301368615     
      523970  0.52396999867710292       0.15847979025215037     
      534868  0.53486799864958812       0.15487209256185433     
      546657  0.54665699861982375       0.15134711634531597     
      556044  0.55604399859612386       0.14790196374478667     
      565794  0.56579399857150747       0.14453534358662223     
      575980  0.57597999854579029       0.14122928058750758     
      586839  0.58683899851837396       0.13803010581873962     
      598566  0.59856599848876613       0.13488828201927458     
      610647  0.61064699845826453       0.13181790591046474     
      623563  0.62356299842565477       0.12881729460441430     
      635610  0.63560999839523902       0.12588500739946268     
      645806  0.64580599836949659       0.12301950808153866     
      658518  0.65851799833740188       0.12021926983796548     
      670068  0.67006799830824093       0.11748274104216383     
      682779  0.68277899827614874       0.11480851752473098     
      698005  0.69800499823770679       0.11219521404125184     
      713422  0.71342199819878260       0.10964136478703550     
      727957  0.72795699816208526       0.10714555832983556     
      741725  0.74172499812732440       0.10470666095234790     
      754451  0.75445099809519434       0.10232309926174647     
      765780  0.76577999806659136        9.9994043262829319E-002
      777320  0.77731999803745566        9.7717841146737761E-002
      789693  0.78969299800621684        9.5493509899907528E-002
      803025  0.80302499797255678        9.3319946422256925E-002
      815935  0.81593499793996216        9.1195680063364010E-002
      828235  0.82823499790890764        8.9119807603085868E-002
      838887  0.83888699788201393        8.7091222405229166E-002
      850108  0.85010799785368363        8.5108714309441127E-002
      862797  0.86279699782164698        8.3171418654054627E-002
      873769  0.87376899779394535        8.1278254049240245E-002
      884819  0.88481899776604678        7.9428090111830690E-002
      894729  0.89472899774102643        7.7620029860444945E-002
      904068  0.90406799771744772        7.5853176553054902E-002
      914526  0.91452599769104381        7.4126516056123498E-002
      925866  0.92586599766241306        7.2439249005908979E-002
      937270  0.93726999763362073        7.0790373947845903E-002
      948544  0.94854399760515662        6.9178972393168489E-002
      957727  0.95772699758197177        6.7604326374489848E-002
      969821  0.96982099755143736        6.6063782737615304E-002
      982576  0.98257599751923408        6.4561612233905538E-002
      995282  0.99528199748715451        6.3092004388500919E-002
     1006670   1.0066699974584026        6.1655783662274505E-002
     1017915   1.0179149974300117        6.0252412122942134E-002
     1029547   1.0295469974006437        5.8880794280164905E-002
     1042815   1.0428149973671452        5.7540614282394507E-002
     1054639   1.0546389973372925        5.6230746326857366E-002
     1066101   1.0661009973083537        5.4950729256137788E-002
     1080830   1.0808299972711666        5.3700024904312145E-002
     1093889   1.0938889972381958        5.2477585118992538E-002
     1108757   1.1087569972006577        5.1283115306121708E-002
     1120624   1.1206239971706964        5.0115738810703817E-002
     1131867   1.1318669971423105        4.8974997067434370E-002
     1146140   1.1461399971062747        4.7860192612534297E-002
     1158182   1.1581819970758715        4.6770765019590745E-002
     1172912   1.1729119970386819        4.5706097706538135E-002
     1186830   1.1868299970035423        4.4665741383852001E-002
     1200831   1.2008309969681932        4.3648972817229292E-002
     1214906   1.2149059969326572        4.2655451591476316E-002
     1227165   1.2271649969017062        4.1684442566745569E-002
     1239021   1.2390209968717727        4.0735583568830079E-002
     1249460   1.2494599968454168        3.9808334335837414E-002
     1258983   1.2589829968213735        3.8898965579957312E-002
     1266315   1.2663149968028620        3.8016690665342551E-002
     1275868   1.2758679967787430        3.7151274940212108E-002
     1288808   1.2888079967460726        3.6305654082378139E-002
     1304340   1.3043399967068581        3.5479249301702515E-002
     1318183   1.3181829966719079        3.4671617106703780E-002
     1334229   1.3342289966313956        3.3882366165398761E-002
     1346916   1.3469159965993640        3.3111166290059328E-002
     1363194   1.3631939965582660        3.2357349702552947E-002
     1375017   1.3750169965284158        3.1620923824157161E-002
     1386157   1.3861569965002900        3.0901089062008620E-002
     1395901   1.3959009964756888        3.0197706517982037E-002
     1403874   1.4038739964555589        2.9510306313590352E-002
     1411806   1.4118059964355325        2.8838589020630512E-002
     1421720   1.4217199964105021        2.8182159127744494E-002
     1428485   1.4284849963934221        2.7540613765651051E-002
     1436740   1.4367399963725802        2.6913749164784662E-002
     1448239   1.4482389963435480        2.6301107820102202E-002
     1459284   1.4592839963156621        2.5702394578373693E-002
     1468579   1.4685789962921945        2.5117369266545106E-002
     1481223   1.4812229962602714        2.4545617779849323E-002
     1493514   1.4935139962292396        2.3986918784660284E-002
     1506537   1.5065369961963597        2.3440895119010478E-002
     1516420   1.5164199961714075        2.2907301465079990E-002
     1526142   1.5261419961468619        2.2385877167795300E-002
     1536037   1.5360369961218794        2.1876312332128420E-002
     1545833   1.5458329960971469        2.1378326637500840E-002
     1552904   1.5529039960792943        2.0891692930624199E-002
     1563343   1.5633429960529384        2.0416153106849685E-002
     1576580   1.5765799960195181        1.9951434433429269E-002
     1588046   1.5880459959905693        1.9492129220610114E-002
     1598373   1.5983729959644961        1.9048720119596192E-002
     1606167   1.6061669959448182        1.8619741585928801E-002
     1615193   1.6151929959220297        1.8195902818128787E-002
     1624034   1.6240339958997083        1.7781740313680947E-002
     1635359   1.6353589958711154        1.7376945370445804E-002
     1644845   1.6448449958471656        1.6981416732719364E-002
     1654645   1.6546449958224230        1.6594888591893609E-002
     1663757   1.6637569957994174        1.6217148791810899E-002
     1670663   1.6706629957819814        1.5843138899143950E-002
     1676047   1.6760469957683881        1.5487255083567979E-002
     1683114   1.6831139957505457        1.5134683404379875E-002
     1693715   1.6937149957237807        1.4790217236357872E-002
     1707335   1.7073349956893935        1.4453548728835931E-002
     1715486   1.7154859956688142        1.4124523943593082E-002
     1724959   1.7249589956448972        1.3803026733885315E-002
     1735723   1.7357229956177207        1.3488821486291320E-002
     1742684   1.7426839956001459        1.3181780549608476E-002
     1750422   1.7504219955806093        1.2881739784583374E-002
     1761520   1.7615199955525895        1.2588500713370926E-002
     1774454   1.7744539955199343        1.2301948621976665E-002
     1787034   1.7870339954881729        1.2021934839264226E-002
     1796414   1.7964139954644907        1.1748276078790833E-002
     1809143   1.8091429954323530        1.1475910959544438E-002
     1821020   1.8210199954023665        1.1219519620592795E-002
     1833543   1.8335429953707489        1.0964134320701121E-002
     1845105   1.8451049953415577        1.0714552389478455E-002
     1853769   1.8537689953196832        1.0470671715608377E-002
     1863047   1.8630469952962585        1.0232312448974027E-002
     1870352   1.8703519952778151        9.9993859957569330E-003
     1876319   1.8763189952627499        9.7717833087028853E-003
     1883484   1.8834839952446600        9.5493547619839407E-003
     1893313   1.8933129952198442        9.3319946965584669E-003
     1899908   1.8999079952031934        9.1195514378421289E-003
     1908014   1.9080139951827277        8.9119854217638000E-003
     1921218   1.9212179951493908        8.7091162050248246E-003
     1930606   1.9306059951256884        8.5108766237257678E-003
     1941360   1.9413599950985372        8.3171500431441087E-003
     1951181   1.9511809950737415        8.1278281780878345E-003
     1958936   1.9589359950541620        7.9428041597045460E-003
     1969578   1.9695779950272936        7.7620070462090301E-003
     1981018   1.9810179949984104        7.5853153206884233E-003
     1996140   1.9961399949602310        7.4126642581234395E-003
     2010053   2.0100529949251040        7.2403526737635357E-003
     2021267   2.0212669948967914        7.0790408095610874E-003
     2037182   2.0371819948566099        6.9178994159471196E-003
     2049328   2.0493279948259442        6.7604320923182635E-003
     2055170   2.0551699948111946        6.6065336619891592E-003
     2061845   2.0618449947943418        6.4561288467225976E-003
     2068490   2.0684899947775648        6.3091949298886459E-003
     2076967   2.0769669947561624        6.1655791646761382E-003
     2084419   2.0844189947373479        6.0252419647328680E-003
     2090799   2.0907989947212400        5.8880852584884246E-003
     2099851   2.0998509946983859        5.7540577726876204E-003
     2110706   2.1107059946709796        5.6230791585784989E-003
     2118959   2.1189589946501428        5.4920942274826311E-003
     2127039   2.1270389946297428        5.3699894263390374E-003
     2134618   2.1346179946106076        5.2477587869053143E-003
     2149662   2.1496619945726252        5.1283076776971696E-003
     2161737   2.1617369945421387        5.0115786052242796E-003
     2173451   2.1734509945125637        4.8974988309700845E-003
     2183468   2.1834679944872732        4.7860195646441481E-003
     2195498   2.1954979944569004        4.6770706925565123E-003
     2203325   2.2033249944371391        4.5706103336790680E-003
     2215267   2.2152669944069885        4.4665735879290376E-003
     2228122   2.2281219943745327        4.3649008180306316E-003
     2240261   2.2402609943438847        4.2655454437329297E-003
     2252750   2.2527499943123530        4.1684436657513889E-003
     2262684   2.2626839942872721        4.0735616754916876E-003
     2273483   2.2734829942600072        3.9808344959714054E-003
     2293656   2.2936559942090753        3.8902238416011407E-003
     2307852   2.3078519941732338        3.8016703508266781E-003
     2318830   2.3188299941455170        3.7151308730787279E-003
     2330861   2.3308609941151417        3.6305664304455603E-003
     2344351   2.3443509940810827        3.5479252952645510E-003
     2361444   2.3614439940379270        3.4671605244935618E-003
     2373020   2.3730199940087005        3.3882402136438759E-003
     2397603   2.3976029939466343        3.3111161356753193E-003
     2414376   2.4143759939042866        3.2357412602801020E-003
     2420922   2.4209219938877595        3.1620688720675532E-003
     2430295   2.4302949938640950        3.0901139744172195E-003
     2443526   2.4435259938306899        3.0197703344808204E-003
     2452011   2.4520109938092673        2.9510365396388520E-003
     2461648   2.4616479937849363        2.8838609833509608E-003
     2473742   2.4737419937544018        2.8182166101301457E-003
     2484564   2.4845639937270789        2.7540661731979528E-003
     2496864   2.4968639936960244        2.6913734335882811E-003
     2514686   2.5146859936510282        2.6301112852803706E-003
     2529506   2.5295059936136113        2.5702425803940253E-003
     2534877   2.5348769936000508        2.5117366327016863E-003
     2543936   2.5439359935771790        2.4545645720833727E-003
     2554502   2.5545019935505024        2.3986908610294615E-003
     2572596   2.5725959935048195        2.3440900326426786E-003
     2581794   2.5817939934815968        2.2907288532986970E-003
     2595548   2.5955479934468713        2.2385895703569926E-003
     2609464   2.6094639934117367        2.1876321404499153E-003
     2619717   2.6197169933858504        2.1378358655524655E-003
     2632107   2.6321069933545687        2.0891732798702734E-003
     2643912   2.6439119933247639        2.0416170619708290E-003
     2653467   2.6534669933006398        1.9951406450863865E-003
     2662479   2.6624789932778867        1.9497290269486493E-003
     2668688   2.6686879932622105        1.9053484811035093E-003
     2679511   2.6795109932348851        1.8619780013201187E-003
     2692116   2.6921159932030605        1.8195931745503700E-003
     2701331   2.7013309931797949        1.7781733122809258E-003
     2714258   2.7142579931471573        1.7376974916109135E-003
     2726706   2.7267059931157291        1.6981420727036158E-003
     2737294   2.7372939930889970        1.6594877217996969E-003
     2750682   2.7506819930551956        1.6217143701068263E-003
     2763035   2.7630349930240072        1.5848002163295672E-003
     2775767   2.7757669929918620        1.5487157247637429E-003
     2789683   2.7896829929567275        1.5134725754635630E-003
     2807627   2.8076269929114233        1.4790212238303313E-003
     2826768   2.8267679928630969        1.4453534794238037E-003
     2840721   2.8407209928278689        1.4124540620117001E-003
     2857648   2.8576479927851324        1.3803031935158106E-003
     2871434   2.8714339927503261        1.3488820029618500E-003
     2890363   2.8903629927025349        1.3181784459300142E-003
     2900744   2.9007439926763254        1.2881739134585814E-003
     2913751   2.9137509926434859        1.2588513712478728E-003
     2931867   2.9318669925977474        1.2301952793737686E-003
     2946580   2.9465799925606007        1.2021928150559606E-003
     2958748   2.9587479925298794        1.1748274872293585E-003
     2968713   2.9687129925047202        1.1480852604915822E-003
     2989128   2.9891279924531773        1.1219521582879462E-003
     3007099   3.0070989924078049        1.0961594119632261E-003
     3014690   3.0146899923886394        1.0714562952411355E-003
     3021785   3.0217849923707263        1.0470671465758299E-003
     3032997   3.0329969923424187        1.0232323638839412E-003
          -1   3.0509009922972155        9.9999973008672621E-004
