 ITERATION:            1           1
   7.40054995E-02   1.62521665E-05
   7.52068870E-03   2.96483868E-05
   2.92739109E-03   6.87841166E-05
   1.54000788E-03   1.02878432E-04
   7.29132583E-03   1.82347081E-04
   9.39908475E-02   3.11053125E-04
   5.59548326E-02   8.51643912E-04
   7.02235475E-03   1.32054312E-03
   8.30070972E-02   2.92054494E-03
   4.16048728E-02   6.10545417E-03
   1.40766455E-02   1.20863570E-02
   9.04452577E-02   1.47566814E-02
  0.258193702       4.62805852E-02
  0.188920230       5.66689447E-02
 GA ERROR IS   9.12855752E-03
 ITERATION:            1           2
   4.54959422E-02   9.69324719E-06
   6.81748707E-03   1.92652769E-05
   5.25301658E-02   4.41711054E-05
   8.17721430E-03   1.05970939E-04
   4.74770889E-02   1.50501146E-04
   5.83421476E-02   3.36314115E-04
   5.74251451E-02   9.42023471E-04
   2.11736877E-02   1.85851369E-03
   2.42207367E-02   2.24931259E-03
   8.00190642E-02   5.03775897E-03
  0.132070258       1.39638670E-02
   1.74028650E-02   2.56133117E-02
  0.138332218       6.41987324E-02
  0.263508707       7.01743513E-02
 GA ERROR IS   1.19492188E-02
 ITERATION:            1           3
   3.04197930E-02   1.19267306E-05
   7.74813956E-03   2.15996351E-05
   1.98293244E-03   3.85543935E-05
   8.53353441E-02   8.18544067E-05
   4.84229364E-02   2.59475783E-04
   1.85951665E-02   3.13053693E-04
   9.47018061E-03   8.67188850E-04
   6.49279654E-02   1.76546781E-03
   6.81788623E-02   2.34485767E-03
   3.70246582E-02   4.77263425E-03
   7.04247877E-02   7.40987388E-03
   6.72014654E-02   1.95564236E-02
   4.08520997E-02   3.63977551E-02
  0.365431428       5.60326427E-02
 GA ERROR IS   9.12140030E-03
 ITERATION:            2           1
   8.94690230E-02   1.00838051E-05
   8.33948702E-03   3.11419462E-05
   1.32906279E-02   7.38017698E-05
   2.86481120E-02   1.09895969E-04
   6.35245815E-02   1.61901160E-04
   7.56951608E-03   3.48598667E-04
   7.84262344E-02   1.28949317E-03
   1.20931044E-02   1.47084694E-03
  0.142834589       4.62169060E-03
   1.12035153E-02   8.26695841E-03
  0.103186585       2.07229834E-02
   2.66860072E-02   3.48292030E-02
   1.12746097E-02   4.80681174E-02
  0.386259854      0.103085607    
 GA ERROR IS   9.04587004E-03
 ITERATION:            2           2
   3.45842093E-02   1.63398563E-05
   3.72643257E-03   2.07506582E-05
   3.45372856E-02   5.68642645E-05
   5.09039983E-02   8.82175009E-05
   2.49642879E-03   1.99527305E-04
   2.31252667E-02   4.74935136E-04
   7.89491609E-02   7.75473367E-04
   9.79293883E-03   1.59009884E-03
   9.22881812E-02   2.31736293E-03
   6.24736995E-02   6.85235346E-03
   4.02788371E-02   1.59057081E-02
   6.66605979E-02   1.91935394E-02
  0.104905441       5.16161770E-02
  0.324831635       7.60345757E-02
 GA ERROR IS   1.06509002E-02
 ITERATION:            2           3
   3.05211730E-02   1.32144014E-05
   9.09742638E-02   2.15477139E-05
   1.13742426E-03   5.38590721E-05
   1.31672155E-03   9.41677572E-05
   7.46515244E-02   2.42364651E-04
   4.52962471E-03   3.10352247E-04
   2.33648112E-03   7.95632426E-04
   1.64493863E-02   1.42456021E-03
  0.178726584       2.42748950E-03
   3.45636234E-02   5.10874717E-03
   3.46247619E-03   8.43314175E-03
   3.47288884E-02   2.61448007E-02
  0.376281351       5.05716354E-02
   9.33406129E-02   7.06523657E-02
 GA ERROR IS   1.07440855E-02
 ITERATION:            3           1
   4.15890068E-02   1.19997876E-05
   1.73056833E-02   2.74429804E-05
   9.75367706E-03   6.77438948E-05
   5.51967137E-02   9.05584966E-05
   2.24890634E-02   2.77072744E-04
   1.34426355E-02   4.73965192E-04
   9.84402969E-02   1.06168049E-03
   1.70560405E-02   1.63113209E-03
  0.147726312       4.42538736E-03
   3.88796777E-02   7.18574459E-03
   2.54282937E-03   9.16846190E-03
   2.30803750E-02   2.02446394E-02
   1.72512401E-02   6.62573352E-02
  0.418646008       7.14813247E-02
 GA ERROR IS   2.76336893E-02
 ITERATION:            3           2
   4.09084372E-02   1.42854487E-05
   3.40317413E-02   2.32726888E-05
   3.42425797E-03   6.70867594E-05
   9.19776876E-03   7.39483439E-05
   9.48671065E-03   1.61249394E-04
   5.95960617E-02   2.96945509E-04
   8.58849436E-02   7.34983652E-04
   6.13375269E-02   1.93716493E-03
   5.62574714E-03   2.52035423E-03
   9.99365821E-02   7.49575626E-03
   7.73601457E-02   1.10072307E-02
   1.19116316E-02   2.62129661E-02
   4.18788828E-02   3.22666056E-02
  0.383752167       6.59147874E-02
 GA ERROR IS   8.75016674E-03
 ITERATION:            4           1
   4.71548699E-02   1.11483769E-05
   2.86250357E-02   2.50618450E-05
   2.70809457E-02   7.12067122E-05
   3.19604273E-03   8.10525598E-05
   5.60517423E-02   2.17435925E-04
   1.24989245E-02   3.57289478E-04
   7.29000941E-02   6.61819417E-04
   1.78067368E-02   1.82821299E-03
   7.65258372E-02   2.39128759E-03
   2.61267517E-02   5.17290924E-03
  0.168912202       1.03160469E-02
   2.98555717E-02   2.88844146E-02
   2.15117484E-02   6.12827688E-02
  0.334183306       7.07190484E-02
 GA ERROR IS   1.33363204E-02
 ITERATION:            4           2
   1.48193585E-02   9.54737880E-06
  0.123868860       1.95909543E-05
   1.16317477E-02   6.07300171E-05
   5.08720195E-03   1.25442908E-04
   1.12374639E-02   2.60076311E-04
   5.41259386E-02   3.91554553E-04
   2.15509906E-02   7.76704284E-04
   8.10565278E-02   1.25308766E-03
   6.79516494E-02   3.55975982E-03
   2.79074647E-02   4.74478072E-03
  0.139261842       1.24102738E-02
   1.68678146E-02   2.73742843E-02
   4.13935632E-02   6.11518174E-02
  0.344030708       6.61499202E-02
 GA ERROR IS   1.65311098E-02
 ITERATION:            5           1
   3.44367772E-02   1.23989321E-05
   6.14499487E-02   2.45436859E-05
   4.12148517E-03   4.45571277E-05
   2.99661141E-02   7.65583682E-05
   1.93839930E-02   1.75858819E-04
   3.25928256E-02   3.01562133E-04
  0.105318151       6.14853459E-04
   8.11729357E-02   2.07812898E-03
   2.47124787E-02   2.53775925E-03
   5.59458733E-02   8.11008550E-03
  0.115419649       1.38635878E-02
   5.47652468E-02   2.32987031E-02
   3.24523598E-02   4.53782603E-02
  0.287283987       6.98571876E-02
 GA ERROR IS   1.05557516E-02
 ITERATION:            6           1
   4.75459918E-02   1.33653075E-05
   9.61312000E-03   3.50833216E-05
   3.99309434E-02   6.11806317E-05
   7.36537352E-02   1.00947495E-04
   1.09921470E-02   1.40803342E-04
   3.16011510E-03   4.05807223E-04
   6.33227900E-02   9.11245705E-04
   7.68175796E-02   1.03110482E-03
   6.00590818E-02   2.40298663E-03
   5.60346879E-02   5.80624724E-03
   7.38583356E-02   1.03759803E-02
   6.92516640E-02   1.46998931E-02
   2.67966557E-02   4.77718860E-02
  0.311136305       5.25852479E-02
 GA ERROR IS   1.95363294E-02
 ITERATION:            6           2
   7.17410445E-02   1.67706276E-05
   2.84345895E-02   3.03053785E-05
   1.83032881E-02   6.83122926E-05
   9.02703498E-03   9.04682602E-05
   1.21077131E-02   1.59028044E-04
   9.54908356E-02   3.00170243E-04
   1.22977486E-02   5.30864228E-04
   1.30915912E-02   1.42362202E-03
   7.36408457E-02   3.08447517E-03
  0.117560133       3.97885730E-03
   5.47416098E-02   1.13979429E-02
   6.85515553E-02   1.51523836E-02
   1.05056213E-02   4.81696352E-02
  0.331004143       6.04926869E-02
 GA ERROR IS   1.87630933E-02
 ITERATION:            7           1
   2.93977000E-02   1.33508456E-05
   8.87829289E-02   2.56034509E-05
   1.72152463E-02   5.76609636E-05
   2.65398738E-03   1.38880510E-04
   4.11222037E-03   2.46692740E-04
   4.08461913E-02   4.94079024E-04
   9.84610543E-02   5.59521199E-04
   1.60270315E-02   1.47657492E-03
   7.45988637E-02   3.76395974E-03
   9.92518887E-02   6.13250211E-03
   9.45587903E-02   1.23205557E-02
   4.14003767E-02   2.86763310E-02
   2.28847582E-02   4.22012284E-02
  0.288457453       6.60473257E-02
 GA ERROR IS   1.16158789E-02
 ITERATION:            8           1
   2.81472094E-02   9.89925684E-06
   2.81747822E-02   2.55122231E-05
   6.13685995E-02   4.06700638E-05
   1.82655151E-03   1.04288607E-04
   6.80378219E-03   1.46451071E-04
   5.44988438E-02   3.14633449E-04
   9.33888704E-02   6.46465633E-04
   5.48994765E-02   1.49604084E-03
   6.38500005E-02   3.66947195E-03
   1.47309136E-02   7.48751452E-03
  0.101385333       7.68592954E-03
   8.45271498E-02   1.56092327E-02
   2.19086483E-02   3.92314941E-02
  0.311377943       6.02312163E-02
 GA ERROR IS   1.52628366E-02
 ITERATION:            9           1
   5.45870699E-02   1.68088045E-05
   1.87151190E-02   3.02014741E-05
   4.92267236E-02   4.06243635E-05
   1.23007130E-02   1.05601175E-04
   5.63104786E-02   1.89146056E-04
   5.00300638E-02   4.51739354E-04
   8.34775157E-03   8.39619024E-04
   8.08649436E-02   1.32213742E-03
   1.30856792E-02   2.28427770E-03
  0.179637849       6.45604869E-03
   7.02966526E-02   1.30593516E-02
   5.53219998E-03   2.75185704E-02
   3.03808209E-02   3.11499219E-02
  0.313712806       6.41173720E-02
 GA ERROR IS   1.81521494E-02
 ITERATION:           10           1
   1.33917853E-02   1.12238858E-05
   1.37475636E-02   2.37134245E-05
   3.64709496E-02   4.88311380E-05
   7.91518018E-02   1.29761567E-04
   2.83846911E-02   2.52752478E-04
   1.71984471E-02   3.12065677E-04
   1.43319257E-02   6.60842052E-04
   8.63698497E-02   1.73238572E-03
   9.43236947E-02   2.79705832E-03
   1.92051567E-02   6.53777784E-03
  0.118884683       1.33270836E-02
   3.05533409E-02   1.90542024E-02
   3.82285416E-02   3.90992537E-02
  0.324158132       7.02349544E-02
 GA ERROR IS   1.38115864E-02
 ITERATION:           11           1
   5.81604522E-03   1.39471804E-05
   8.04861039E-02   1.86732832E-05
   4.91375923E-02   6.59737561E-05
   3.43129262E-02   1.18115946E-04
   1.54403904E-02   1.70267042E-04
   6.60367217E-03   3.29000759E-04
   8.69009420E-02   7.29215506E-04
   5.00443019E-02   1.24450237E-03
   5.64758033E-02   2.40057241E-03
   4.24447246E-02   5.28195873E-03
  0.118452273       9.76458564E-03
   7.26825967E-02   2.28549819E-02
   7.29217827E-02   4.62875739E-02
  0.252237260       6.59079254E-02
 GA ERROR IS   7.07948999E-03
 ITERATION:           12           1
   5.53962179E-02   1.24278258E-05
   2.63862107E-02   1.90928349E-05
   4.72681178E-03   4.17339616E-05
   5.13110533E-02   7.51180560E-05
   1.13131488E-02   1.73440028E-04
   6.10718057E-02   2.75856146E-04
   2.68686265E-02   6.02417975E-04
  0.125120968       1.71877118E-03
   5.65599948E-02   3.42225027E-03
   1.02099935E-02   3.99211003E-03
   9.38505158E-02   1.10411765E-02
   8.10479447E-02   2.14504674E-02
   1.82162579E-02   5.51894233E-02
  0.304849446       6.05343804E-02
 GA ERROR IS   9.23092477E-03
 ITERATION:           13           1
   4.59998026E-02   1.25110937E-05
   2.46609468E-02   2.11544284E-05
   1.16556128E-02   6.72662063E-05
   4.54035103E-02   9.57210796E-05
   1.20372362E-02   2.37491739E-04
   9.82109457E-02   3.64348118E-04
   2.24605557E-02   5.51979057E-04
   1.76307168E-02   1.55374606E-03
   5.76516017E-02   2.65610870E-03
  0.172295675       5.68241626E-03
   3.65540758E-02   7.45737553E-03
   3.06906682E-02   2.55387705E-02
   6.31724596E-02   4.95759062E-02
  0.276762277       5.82245104E-02
 GA ERROR IS   1.12654082E-02
 ITERATION:           13           2
   7.67090395E-02   1.37307679E-05
   1.15933446E-02   1.99572332E-05
   1.65671739E-03   7.14913185E-05
   6.62422106E-02   1.35122304E-04
   7.04514049E-03   2.11664636E-04
   4.95591797E-02   5.20725094E-04
   2.59038880E-02   6.44576096E-04
   5.71724214E-02   1.50131958E-03
  0.109042063       3.59813333E-03
   6.55437782E-02   7.80703453E-03
   5.41517101E-02   1.05628194E-02
   5.09733818E-02   2.34328769E-02
   2.52339914E-02   5.55852391E-02
  0.324686706       6.95553347E-02
 GA ERROR IS   1.74666941E-02
 ITERATION:           13           3
   7.42363855E-02   1.63378481E-05
   1.36586782E-02   2.76159026E-05
   5.26051829E-03   6.06382673E-05
   2.67346879E-03   1.00471196E-04
   8.01746100E-02   1.57404516E-04
   8.94565228E-03   4.50611638E-04
   7.86858499E-02   6.79804594E-04
   1.29081914E-02   1.58673374E-03
   9.34448373E-03   2.95319804E-03
   9.44543853E-02   4.33108257E-03
  0.128472999       9.13990196E-03
   6.97088465E-02   2.19782256E-02
   5.42360097E-02   4.11537066E-02
  0.304186970       7.10265562E-02
 GA ERROR IS   8.99316650E-03
 ITERATION:           14           1
   1.00671649E-02   1.12963835E-05
   6.52753934E-03   3.58230063E-05
   8.98503587E-02   4.85179153E-05
   1.34249059E-02   8.17039181E-05
   1.51937418E-02   1.72247383E-04
   1.21445060E-02   4.62905213E-04
   3.41711268E-02   6.97852811E-04
   9.81976762E-02   1.05047773E-03
   5.41972630E-02   3.37128760E-03
  0.131026238       7.11856084E-03
   5.51807061E-02   1.48763191E-02
   1.55453309E-02   2.04881243E-02
   1.50998617E-02   4.07786742E-02
  0.367977113       6.24419488E-02
 GA ERROR IS   1.57739576E-02
 ITERATION:           15           1
   4.68311869E-02   1.23801456E-05
   1.13597214E-02   2.10701455E-05
   6.87946677E-02   6.78975848E-05
   1.09999832E-02   7.73039574E-05
   2.18204912E-02   1.42692705E-04
   9.48480982E-03   3.70737514E-04
   9.08060670E-02   8.90339492E-04
   2.36087553E-02   1.46169472E-03
   7.03550652E-02   2.31496477E-03
   7.97215179E-02   3.99705721E-03
   1.81227792E-02   9.05163959E-03
  0.127401665       1.92055721E-02
  0.180511326       5.35919443E-02
  0.171716616       6.48471043E-02
 GA ERROR IS   8.05770326E-03
 ITERATION:           16           1
   7.76445121E-03   1.64407411E-05
   6.28526583E-02   2.25481181E-05
   8.02595448E-03   3.70523048E-05
   1.45071838E-03   8.05631644E-05
   4.20533568E-02   1.43296376E-04
  0.116347589       4.36392060E-04
   1.13803372E-02   9.85150575E-04
   7.25906566E-02   1.58306723E-03
   9.58180521E-03   2.22507375E-03
   1.70674622E-02   7.08043575E-03
  0.193531752       9.21712629E-03
   1.86388548E-02   2.76913997E-02
   1.28007960E-02   5.29564694E-02
  0.342719257       5.67667484E-02
 GA ERROR IS   1.04438532E-02
 ITERATION:           17           1
   7.97711387E-02   1.20655141E-05
   1.97937954E-02   2.68300973E-05
   1.69364631E-03   6.84727711E-05
   5.19084968E-02   8.81086962E-05
   6.48087822E-03   1.70169020E-04
   4.52749729E-02   2.78745167E-04
   6.95244521E-02   8.28825287E-04
   7.35638067E-02   1.49812340E-03
   8.55089352E-02   2.97645666E-03
   5.70633076E-02   4.58788732E-03
   1.59928445E-02   1.13699324E-02
  0.156652451       2.60965116E-02
   1.37651144E-02   4.43283468E-02
  0.261621296       5.67292534E-02
 GA ERROR IS   9.76927578E-03
 ITERATION:           17           2
   3.37431096E-02   1.39671638E-05
   4.00332548E-02   2.56048279E-05
   1.51624642E-02   6.70929439E-05
   7.23372474E-02   8.42809241E-05
   1.79774128E-03   2.27831886E-04
   1.03678741E-02   4.09373228E-04
   7.65522644E-02   6.70448586E-04
   8.55920017E-02   1.61589764E-03
   3.32078822E-02   3.29114753E-03
   8.23307782E-02   6.10486418E-03
   4.11540121E-02   9.22042597E-03
   9.60885063E-02   1.72447208E-02
  0.125721306       5.53800538E-02
  0.205095500       6.28975481E-02
 GA ERROR IS   1.31544881E-02
 ITERATION:           18           1
   8.12020525E-02   1.37000634E-05
   4.57550958E-02   1.99311744E-05
   4.21638461E-03   5.90413547E-05
   3.85516672E-03   9.32540934E-05
   2.27120612E-02   2.17682435E-04
  0.119812608       4.37608862E-04
   1.17342463E-02   8.85142363E-04
   3.94005999E-02   1.67332066E-03
   7.88206160E-02   3.41715710E-03
   2.72715501E-02   4.23172815E-03
  0.113994852       9.71751101E-03
   8.67404714E-02   2.03715060E-02
   3.32675464E-02   4.15450744E-02
  0.275063485       6.51839301E-02
 GA ERROR IS   1.00040138E-02
 ITERATION:           19           1
   7.18341768E-02   1.11706768E-05
   2.87523326E-02   3.57851095E-05
   2.13886481E-02   6.91561581E-05
   3.32639255E-02   1.24055499E-04
   3.65062132E-02   1.81336538E-04
   7.94016104E-03   4.77670488E-04
   5.81889860E-02   5.93605684E-04
   6.38502315E-02   1.06342637E-03
   6.27776310E-02   3.69909266E-03
   7.68054426E-02   5.56675857E-03
   6.76391721E-02   1.02821263E-02
   8.39949995E-02   1.66735984E-02
   4.13840823E-02   5.82831614E-02
  0.295841426       6.49959743E-02
 GA ERROR IS   9.29183513E-03
